,iteracao,tempo,valor_loss,lb,ld,lr,learning_rate
0,0.0,5.63010573387146,9782.296875,0.46790415048599243,391.0498352050781,5.582880973815918,0.0009999899193644524
1,100.0,3.9376959800720215,66.68280792236328,0.006610536947846413,2.6659953594207764,0.026313282549381256,0.0009989854879677296
2,200.0,2.725019693374634,31.676082611083984,0.006481068208813667,1.266569972038269,0.005352878011763096,0.0009979819878935814
3,300.0,2.7536263465881348,18.938894271850586,0.0025574921164661646,0.7573453783988953,0.0027026564348489046,0.0009969795355573297
4,400.0,2.6926915645599365,14.571483612060547,0.0019085182575508952,0.5826024413108826,0.004515086300671101,0.0009959778981283307
5,500.0,2.8646223545074463,10.476853370666504,0.001026940648443997,0.41892245411872864,0.002764785196632147,0.00099497742485255
6,600.0,2.596691608428955,5.899904727935791,0.0007887352257966995,0.23591475188732147,0.001247378415428102,0.0009939779993146658
7,700.0,2.793739080429077,8.45169734954834,0.0011608930071815848,0.33789297938346863,0.0032122021075338125,0.0009929795050993562
8,800.0,2.829397201538086,1.910738468170166,0.0002373968600295484,0.07635432481765747,0.0016430368414148688,0.000991982058621943
9,900.0,2.8156824111938477,3.9078731536865234,0.00042465614387765527,0.15625223517417908,0.001142794149927795,0.0009909855434671044
10,1000.0,2.8494105339050293,2.0381264686584473,0.00027654346195049584,0.08145859092473984,0.0013850952964276075,0.0009899900760501623
11,1100.0,3.2019944190979004,2.5989601612091064,0.0002732222492340952,0.10388478636741638,0.001567452447488904,0.0009889956563711166
12,1200.0,2.8651435375213623,1.9797853231430054,0.00024763683904893696,0.07912324368953705,0.001456612371839583,0.0009880021680146456
13,1300.0,2.8987178802490234,0.38977932929992676,8.160070137819275e-05,0.015528555028140545,0.0014838599599897861,0.0009870096109807491
14,1400.0,2.805560350418091,2.2611286640167236,0.000412546971347183,0.0903318002820015,0.0024211013223975897,0.000986018218100071
15,1500.0,2.843064308166504,1.1855159997940063,0.00016736090765334666,0.04735613241791725,0.0014453070471063256,0.0009850276401266456
16,1600.0,2.7777531147003174,0.8033614754676819,0.00011750616977224126,0.03207722306251526,0.0013134340988472104,0.0009840382263064384
17,1700.0,2.679722547531128,1.2431654930114746,0.00011879926023539156,0.04967505857348442,0.0011701100738719106,0.000983049743808806
18,1800.0,2.6228766441345215,0.3301953375339508,4.883309520664625e-05,0.013156716711819172,0.0012285762932151556,0.000982062192633748
19,1900.0,2.601557731628418,0.24712900817394257,3.9992784877540544e-05,0.009831787087023258,0.0012943244073539972,0.0009810756891965866
20,2000.0,2.5983357429504395,0.5291774868965149,3.885421028826386e-05,0.021114705130457878,0.0012709865113720298,0.0009800902334973216
21,2100.0,3.0046281814575195,0.336908221244812,3.851099972962402e-05,0.013428205624222755,0.0011645789491012692,0.0009791057091206312
22,2200.0,2.867485761642456,0.7664242386817932,9.28062800085172e-05,0.03060583770275116,0.0011854864424094558,0.0009781221160665154
23,2300.0,2.8111541271209717,0.6837038993835449,7.589329470647499e-05,0.027287902310490608,0.0014304491924121976,0.0009771395707502961
24,2400.0,2.674330711364746,0.5941514372825623,8.45319009386003e-05,0.02371550165116787,0.0011793861631304026,0.0009761580149643123
25,2500.0,2.596698760986328,0.3042423725128174,2.5071778509300202e-05,0.01212347112596035,0.0011305066291242838,0.0009751773905009031
26,2600.0,2.5888211727142334,0.5550858378410339,6.043611210770905e-05,0.02214699424803257,0.0013505445094779134,0.0009741978719830513
27,2700.0,2.6177420616149902,0.05784466862678528,5.303216312313452e-06,0.002272291574627161,0.0010320747969672084,0.0009732192265801132
28,2800.0,2.6132171154022217,0.9720813035964966,8.811637962935492e-05,0.03883133828639984,0.001209716429002583,0.0009722416289150715
29,2900.0,2.589228630065918,0.35656920075416565,4.271772922948003e-05,0.014209507964551449,0.0012888045748695731,0.0009712650207802653
30,3000.0,2.5889978408813477,0.7418219447135925,0.00010638174717314541,0.029613839462399483,0.0013695127563551068,0.0009702893439680338
31,3100.0,2.7771897315979004,0.13101857900619507,2.1766829377156682e-05,0.005188615992665291,0.0012814135989174247,0.000969314540270716
32,3200.0,2.6376729011535645,0.06992025673389435,5.68983523407951e-06,0.0027539925649762154,0.001064748503267765,0.0009683409007266164
33,3300.0,2.5821704864501953,0.14107275009155273,1.3251420568849426e-05,0.005601103417575359,0.001031921710819006,0.0009673681925050914
34,3400.0,2.601259469985962,0.9085781574249268,7.479836494894698e-05,0.036290232092142105,0.001247543841600418,0.0009663964156061411
35,3500.0,2.6276400089263916,0.05611348897218704,1.2122135558456648e-05,0.0022052659187465906,0.0009697186760604382,0.0009654257446527481
36,3600.0,2.597567558288574,0.2534509301185608,2.90618154394906e-05,0.010089094750583172,0.001194510841742158,0.0009644558886066079
37,3700.0,2.640514850616455,0.8435977101325989,9.075120760826394e-05,0.03365757316350937,0.0020676006097346544,0.0009634870802983642
38,3800.0,2.5895497798919678,0.40457019209861755,3.785756780416705e-05,0.016130667179822922,0.001265673665329814,0.0009625192615203559
39,3900.0,2.613795518875122,0.27536121010780334,3.2643452868796885e-05,0.010959625244140625,0.0013379359152168036,0.0009615523740649223
40,4000.0,2.598074197769165,0.4361876845359802,5.296602103044279e-05,0.0173774603754282,0.0016982253873720765,0.0009605864179320633
41,4100.0,2.7223305702209473,0.0789378210902214,1.4162676052364986e-05,0.0031094776932150126,0.0011867140419781208,0.0009596214513294399
42,4200.0,2.640815258026123,0.39404982328414917,4.915456520393491e-05,0.01570386439561844,0.0014040806563571095,0.0009586574742570519
43,4300.0,2.6524691581726074,0.32497555017471313,4.254186569596641e-05,0.01295001246035099,0.001182709471322596,0.0009576945449225605
44,4400.0,2.611798048019409,0.3317655622959137,4.647858804673888e-05,0.01321794930845499,0.0012703121174126863,0.0009567324887029827
45,4500.0,2.5933918952941895,0.16298311948776245,3.2739135349402204e-05,0.006476419046521187,0.0010399093152955174,0.0009557714220136404
46,4600.0,2.7733757495880127,0.154423788189888,1.291334137931699e-05,0.006133792456239462,0.001066060271114111,0.0009548113448545337
47,4700.0,2.833667039871216,0.4139007329940796,4.625764995580539e-05,0.016499068588018417,0.0013777640415355563,0.0009538521990180016
48,4800.0,2.729708194732666,0.02072264440357685,2.629776190588018e-06,0.0007809815579093993,0.0011954749934375286,0.000952894042711705
49,4900.0,2.8035643100738525,0.20294664800167084,3.253405884606764e-05,0.008058001287281513,0.001464080298319459,0.000951936817727983
50,5000.0,2.891939163208008,0.18629306554794312,2.5910370823112316e-05,0.007402459159493446,0.0012056657578796148,0.0009509805240668356
51,5100.0,2.9320945739746094,0.33246856927871704,5.760700150858611e-05,0.013249198906123638,0.0011809816351160407,0.0009500252199359238
52,5200.0,2.5911076068878174,0.039120446890592575,5.315822363627376e-06,0.0015188490506261587,0.0011439061490818858,0.0009490709053352475
53,5300.0,2.784053325653076,0.04928404092788696,8.61183252709452e-06,0.0019323087763041258,0.0009677059715613723,0.0009481175802648067
54,5400.0,2.8008413314819336,0.43609604239463806,6.516983557958156e-05,0.017388982698321342,0.0013062955113127828,0.0009471651283092797
55,5500.0,2.8730993270874023,0.09383615106344223,1.166415950137889e-05,0.0037026782520115376,0.0012575205182656646,0.0009462137240916491
56,5600.0,2.751030206680298,0.08135298639535904,1.5905901818769053e-05,0.00320845446549356,0.0011257162550464272,0.000945263251196593
57,5700.0,2.802091598510742,0.24475082755088806,4.65742705273442e-05,0.00974927470088005,0.0009723681723698974,0.0009443137678317726
58,5800.0,2.8208162784576416,0.26730334758758545,4.591580727719702e-05,0.01063629426062107,0.0013500811764970422,0.0009433651575818658
59,5900.0,2.7108421325683594,0.026803547516465187,4.2475980990275275e-06,0.0010211007902398705,0.001271780813112855,0.0009424174204468727
60,6000.0,2.5914597511291504,0.01845116913318634,3.172871174683678e-06,0.0006907258066348732,0.0011798510095104575,0.000941470789257437
61,6100.0,2.7999725341796875,0.21396243572235107,3.410083081689663e-05,0.008496814407408237,0.0015079827280715108,0.000940525031182915
62,6200.0,2.611471652984619,0.1352909356355667,1.894142769742757e-05,0.005367878824472427,0.0010750311193987727,0.0009395802626386285
63,6300.0,2.6442291736602783,0.05948852002620697,9.777372724784072e-06,0.0023390057031065226,0.0010035951854661107,0.0009386364254169166
64,6400.0,2.5959296226501465,0.26482945680618286,3.9573231333633885e-05,0.01055243331938982,0.0009790409822016954,0.0009376935195177794
65,6500.0,2.593984603881836,0.09050700068473816,9.732199032441713e-06,0.0035718209110200405,0.0012017502449452877,0.0009367516031488776
66,6600.0,2.595165967941284,0.019258715212345123,2.97433984997042e-06,0.0007283208542503417,0.0010477195028215647,0.0009358106181025505
67,6700.0,2.5972189903259277,0.3595699071884155,4.755187183036469e-05,0.014338718727231026,0.0010543669341132045,0.000934870564378798
68,6800.0,2.5984086990356445,0.05598749220371246,9.175932063953951e-06,0.002193532884120941,0.0011399935465306044,0.0009339313837699592
69,6900.0,2.598904609680176,0.08195810765028,1.3700548151973635e-05,0.0032410956919193268,0.0009170148987323046,0.0009329932508990169
70,7000.0,2.6073203086853027,0.06172092258930206,9.487102033745032e-06,0.0024291547015309334,0.0009825677843764424,0.0009320560493506491
71,7100.0,2.8565380573272705,0.10675857216119766,1.4991524949437007e-05,0.004228458274155855,0.00103211950045079,0.000931119779124856
72,7200.0,2.5917460918426514,0.07360867410898209,1.1545716915861703e-05,0.002900255611166358,0.0010907355463132262,0.0009301844402216375
73,7300.0,2.6116995811462402,0.027066117152571678,3.3747419365681708e-06,0.0010362480534240603,0.0011565412860363722,0.0009292500326409936
74,7400.0,2.6189675331115723,0.020629502832889557,3.246578671678435e-06,0.000779437948949635,0.0011403074022382498,0.0009283166145905852
75,7500.0,2.650923490524292,0.09666328877210617,1.318752492807107e-05,0.0038220530841499567,0.0010987763525918126,0.0009273841278627515
76,7600.0,2.5909841060638428,0.17683368921279907,2.824245711963158e-05,0.0070076752454042435,0.0016135659534484148,0.0009264525724574924
77,7700.0,2.5932886600494385,0.04888920485973358,7.282530532393139e-06,0.0019155468326061964,0.0009932512184605002,0.000925521831959486
78,7800.0,2.589935302734375,0.2966305613517761,4.662993524107151e-05,0.011813545599579811,0.0012452841037884355,0.0009245921391993761
79,7900.0,2.5921967029571533,0.1427980661392212,1.7954185750568286e-05,0.005665805656462908,0.0011349600972607732,0.0009236633777618408
80,8000.0,2.594520330429077,0.1999279260635376,2.642902654770296e-05,0.007946886122226715,0.0012293461477383971,0.0009227354894392192
81,8100.0,2.704481601715088,0.1276995986700058,1.6798639990156516e-05,0.005066092126071453,0.0010305121541023254,0.0009218085906468332
82,8200.0,2.6026723384857178,0.04336457699537277,6.680164460703963e-06,0.0016901965718716383,0.0011029853485524654,0.0009208826231770217
83,8300.0,2.706000566482544,0.12378928065299988,2.6601106583257206e-05,0.004902211017906666,0.0012074036058038473,0.0009199575870297849
84,8400.0,2.693545341491699,0.004682469647377729,7.23100527011411e-07,0.00014085002476349473,0.001160496030934155,0.0009190334239974618
85,8500.0,2.6154701709747314,0.078919917345047,1.141676966653904e-05,0.0031098960898816586,0.001161097316071391,0.0009181103087030351
86,8600.0,2.8062829971313477,0.041184887290000916,5.025557584303897e-06,0.0016093992162495852,0.0009448833297938108,0.0009171879501082003
87,8700.0,2.878425359725952,0.12526585161685944,2.3415159375872463e-05,0.004962810315191746,0.0011721900664269924,0.000916266581043601
88,8800.0,2.8340392112731934,0.021801434457302094,2.7128435249323957e-06,0.0008313332800753415,0.0010153913171961904,0.0009153462015092373
89,8900.0,2.5901198387145996,0.25021079182624817,2.5620791348046623e-05,0.009930472820997238,0.001923333271406591,0.0009144267532974482
90,9000.0,2.5883586406707764,0.02686407044529915,4.81903953186702e-06,0.0010392101248726249,0.0008789985440671444,0.0009135081782005727
91,9100.0,2.7869269847869873,0.0651789978146553,1.0532286978559569e-05,0.002566762501373887,0.0009993964340537786,0.0009125905344262719
92,9200.0,2.893320322036743,0.006867633201181889,6.120355351413309e-07,0.00023104946012608707,0.0010907849064096808,0.0009116738219745457
93,9300.0,2.7569267749786377,0.07725881040096283,1.5426137906615622e-05,0.003056113375350833,0.000840552500449121,0.0009107580408453941
94,9400.0,2.9006290435791016,0.01906432770192623,2.9913539947301615e-06,0.0007253381772898138,0.000927882909309119,0.0009098431910388172
95,9500.0,2.799703359603882,0.01659190095961094,2.9376171823969344e-06,0.0006293266196735203,0.0008557982509955764,0.000908929156139493
96,9600.0,2.669389486312866,0.06135336309671402,7.305658073164523e-06,0.0024172039702534676,0.0009159610490314662,0.0009080160525627434
97,9700.0,2.7678046226501465,0.020374363288283348,4.083786734554451e-06,0.0007778797880746424,0.0009232860174961388,0.0009071039385162294
98,9800.0,2.781395435333252,0.07570157200098038,1.0090138857776765e-05,0.002987885382026434,0.000994348549284041,0.00090619275579229
99,9900.0,2.8092434406280518,0.005881969351321459,1.037547690430074e-06,0.00019671235349960625,0.0009631232242099941,0.0009052825043909252
100,10000.0,2.8523666858673096,0.11885587871074677,2.6286095817340538e-05,0.004722238052636385,0.0007736396510154009,0.0009043730678968132
101,10100.0,2.819889783859253,0.08400925248861313,1.1464007002359722e-05,0.003321843221783638,0.0009517038706690073,0.0009034646791405976
102,10200.0,2.837252378463745,0.013776409439742565,1.8785858628689311e-06,0.0005163804744370282,0.0008650185191072524,0.0009025571052916348
103,10300.0,2.8499372005462646,0.08140441030263901,1.1953831744904164e-05,0.003222578437998891,0.0008279965841211379,0.0009016504627652466
104,10400.0,2.712938070297241,0.06824938952922821,1.83398078661412e-05,0.002694083843380213,0.0008789555868133903,0.0009007446933537722
105,10500.0,2.657907485961914,0.03384119272232056,9.719949957798235e-06,0.0013237615348771214,0.0007374377455562353,0.0008998398552648723
106,10600.0,2.695880889892578,0.042325668036937714,5.765160494775046e-06,0.0016575863119214773,0.0008802466909401119,0.0008989359484985471
107,10700.0,2.6887285709381104,0.01112342718988657,1.2491072993725538e-06,0.0004143425030633807,0.0007636153604835272,0.0008980329730547965
108,10800.0,2.75508451461792,0.005092910025268793,7.849525900383014e-07,0.00017261368338949978,0.0007767826900817454,0.0008971308125182986
109,10900.0,2.671383857727051,0.09720796346664429,1.7683865735307336e-05,0.003850130829960108,0.000937015691306442,0.0008962296415120363
110,11000.0,2.6684963703155518,0.015866460278630257,2.050554485322209e-06,0.0006012285593897104,0.0008336965111084282,0.0008953294018283486
111,11100.0,2.8004488945007324,0.051883332431316376,8.507014172209892e-06,0.0020384294912219048,0.0009140850743278861,0.0008944300352595747
112,11200.0,2.8700428009033203,0.03645884990692139,6.965969532757299e-06,0.0014288568636402488,0.000730461732018739,0.0008935315418057144
113,11300.0,2.830735921859741,0.009698697365820408,1.6335126247213339e-06,0.0003515124262776226,0.0009092527907341719,0.0008926339214667678
114,11400.0,2.872868299484253,0.09361936897039413,1.1471303878352046e-05,0.0037099753972142935,0.0008585054310970008,0.0008917372906580567
115,11500.0,2.7156460285186768,0.004654308781027794,4.912207032248261e-07,0.00015125305799301714,0.0008724910439923406,0.0008908414747565985
116,11600.0,2.590183973312378,0.06026587262749672,8.764971425989643e-06,0.0023770108819007874,0.0008318363106809556,0.0008899466483853757
117,11700.0,2.745297431945801,0.008023746311664581,9.383711017107998e-07,0.0002843573456630111,0.0009138740715570748,0.0008890526951290667
118,11800.0,2.5934202671051025,0.037591129541397095,6.513704192911973e-06,0.0014736131997779012,0.0007442825590260327,0.0008881595567800105
119,11900.0,2.6703081130981445,0.012995431199669838,2.6547652396402555e-06,0.0004860544577240944,0.000841414846945554,0.0008872674079611897
120,12000.0,2.615833044052124,0.0046996925957500935,5.368383426684886e-07,0.0001538507203804329,0.0008528879261575639,0.0008863761322572827
121,12100.0,2.699176549911499,0.1834535300731659,3.51009912264999e-05,0.007299639750272036,0.0009274383191950619,0.0008854856714606285
122,12200.0,2.6093788146972656,0.0029612656217068434,3.9086202718863206e-07,8.396040357183665e-05,0.0008618644205853343,0.0008845962001942098
123,12300.0,2.7992260456085205,0.012307089753448963,1.5280780871762545e-06,0.00046301327529363334,0.0007302297744899988,0.0008837075438350439
124,12400.0,2.915226697921753,0.03910492733120918,6.250927071960177e-06,0.0015329308807849884,0.0007754054968245327,0.0008828198770061135
125,12500.0,2.7216131687164307,0.09412983059883118,1.8666783944354393e-05,0.003736107610166073,0.0007084739045239985,0.0008819330832920969
126,12600.0,2.7172365188598633,0.089859738945961,1.4689237104903441e-05,0.003561411751434207,0.000809752382338047,0.000881047104485333
127,12700.0,2.7450878620147705,0.09268958121538162,1.1301553058729041e-05,0.00367527618072927,0.0007963741663843393,0.0008801621152088046
128,12800.0,2.6524338722229004,0.03132610023021698,4.4441630961955525e-06,0.0012198128970339894,0.0008263331255875528,0.00087927799904719
129,12900.0,2.688715696334839,0.009864107705652714,2.1502901290659793e-06,0.00036615115823224187,0.000708178908098489,0.000878394756000489
130,13000.0,2.8383240699768066,0.08032435923814774,1.1671513675537426e-05,0.0031717498786747456,0.0010189305758103728,0.0008775123860687017
131,13100.0,2.8659634590148926,0.02461577206850052,6.6882066676043905e-06,0.0009578173630870879,0.0006636498146690428,0.0008766308892518282
132,13200.0,2.9088006019592285,0.008200923912227154,1.5863435010032845e-06,0.00029895061743445694,0.0007255729287862778,0.0008757502655498683
133,13300.0,2.7635021209716797,0.010915027931332588,2.354636535528698e-06,0.0004038984188809991,0.0008152123191393912,0.0008748705149628222
134,13400.0,2.728090763092041,0.002789663150906563,2.872459674563288e-07,8.164420432876796e-05,0.0007482707733288407,0.0008739916956983507
135,13500.0,2.8417303562164307,0.08312781900167465,9.634481102693826e-06,0.003291998291388154,0.0008182314340956509,0.0008731138077564538
136,13600.0,2.9906835556030273,0.026576625183224678,5.584690370596945e-06,0.00103297783061862,0.0007465952076017857,0.0008722367347218096
137,13700.0,2.915048599243164,0.10384335368871689,8.52975335874362e-06,0.004114295821636915,0.0009774279315024614,0.0008713605348020792
138,13800.0,2.888709545135498,0.0027576228603720665,2.22620442968946e-07,8.102531865006313e-05,0.0007317675044760108,0.0008704852079972625
139,13900.0,2.8035035133361816,0.06494155526161194,9.188236617774237e-06,0.0025693338830024004,0.000699017895385623,0.0008696108125150204
140,14000.0,2.738307476043701,0.004079743288457394,8.197097258744179e-07,0.00013348300126381218,0.0007418487803079188,0.000868737290147692
141,14100.0,2.877761125564575,0.1746339052915573,3.6528675991576165e-05,0.006944799795746803,0.0009773869533091784,0.0008678645244799554
142,14200.0,2.8418548107147217,0.026185007765889168,2.0494455839070724e-06,0.0010183003032580018,0.0007254511001519859,0.0008669927483424544
143,14300.0,2.660529375076294,0.002881293185055256,5.077923219687364e-07,8.61060616443865e-05,0.0007281338330358267,0.0008661218453198671
144,14400.0,2.609534502029419,0.05006587132811546,1.702027839201037e-05,0.001972099067643285,0.0007463746005669236,0.0008652518154121935
145,14500.0,2.729325532913208,0.0026161482091993093,5.131904003974341e-07,7.938856288092211e-05,0.0006309209275059402,0.0008643826586194336
146,14600.0,2.721139669418335,0.007893014699220657,2.4066453079285566e-06,0.00029079336673021317,0.0006207744008861482,0.0008635143167339265
147,14700.0,2.6702136993408203,0.004023326560854912,4.826956683245953e-07,0.00013027065142523497,0.0007660771952942014,0.000862646906170994
148,14800.0,2.7466745376586914,0.0823148712515831,8.00781708676368e-06,0.003265943145379424,0.0006582827772945166,0.0008617803687229753
149,14900.0,2.6860382556915283,0.01084994524717331,1.911554591060849e-06,0.00040437999996356666,0.0007385333301499486,0.0008609147043898702
150,15000.0,2.647193193435669,0.004959128797054291,1.1410211300244555e-06,0.00017235598352272063,0.0006490887608379126,0.0008600499131716788
151,15100.0,2.97503399848938,0.034273553639650345,6.542323717440013e-06,0.0013434620341286063,0.0006804601289331913,0.0008591859368607402
152,15200.0,2.8305301666259766,0.010266739875078201,2.7746855266741477e-06,0.00038314241101033986,0.000685405102558434,0.0008583228336647153
153,15300.0,2.8247828483581543,0.05209500715136528,8.610937584307976e-06,0.002061261096969247,0.0005548725021071732,0.0008574606035836041
154,15400.0,2.804983377456665,0.016766566783189774,4.596876806317596e-06,0.0006431599613279104,0.0006829698686487973,0.0008565993048250675
155,15500.0,2.6020965576171875,0.04985547810792923,8.2420583567e-06,0.001963803544640541,0.0007521504303440452,0.0008557388209737837
156,15600.0,2.598318576812744,0.01448021735996008,1.933701469170046e-06,0.0005503934808075428,0.0007184475543908775,0.0008548792102374136
157,15700.0,2.599339008331299,0.018605099990963936,3.763632776099257e-06,0.0007186973816715181,0.0006339019164443016,0.0008540204726159573
158,15800.0,2.603654623031616,0.04427305981516838,2.6469379008631222e-05,0.0017376005416736007,0.0008065759320743382,0.0008531625499017537
159,15900.0,2.603463649749756,0.06393890827894211,1.1791967153840233e-05,0.002527153119444847,0.0007482850342057645,0.0008523054420948029
160,16000.0,2.600308895111084,0.007751158904284239,1.8711473330768058e-06,0.0002826216514222324,0.0006837465916760266,0.0008514493238180876
161,16100.0,2.708954334259033,0.002605522284284234,6.014258815412177e-07,7.494756573578343e-05,0.0007312318193726242,0.0008505940204486251
162,16200.0,2.700409173965454,0.016219111159443855,5.039781171944924e-06,0.000622221443336457,0.0006585342343896627,0.0008497395901940763
163,16300.0,2.6598711013793945,0.01241946592926979,2.129419044649694e-06,0.00046776581439189613,0.0007231917115859687,0.0008488860330544412
164,16400.0,2.595693826675415,0.03672206029295921,1.1089356121374294e-05,0.001444493536837399,0.0005986335454508662,0.0008480332908220589
165,16500.0,2.7275004386901855,0.005338083021342754,6.491507633654692e-07,0.0001897028851089999,0.0005948616308160126,0.0008471814799122512
166,16600.0,2.6106467247009277,0.06530284136533737,2.3393287847284228e-05,0.0025832478422671556,0.0006982552004046738,0.0008463304257020354
167,16700.0,2.6766655445098877,0.011467719450592995,3.5997807117382763e-06,0.00043301511323079467,0.0006387416506186128,0.0008454803028143942
168,16800.0,2.7899181842803955,0.004370335955172777,3.3570248092473776e-07,0.00015035098476801068,0.0006112256087362766,0.000844630878418684
169,16900.0,2.645244598388672,0.04549413546919823,7.1351482802128885e-06,0.0017859932268038392,0.0008371685980819166,0.0008437824435532093
170,17000.0,2.6193366050720215,0.03927343711256981,2.9621864086948335e-05,0.0015442996518686414,0.0006363216089084744,0.0008429348235949874
171,17100.0,2.837660789489746,0.04459069296717644,5.251029506325722e-06,0.0017603011801838875,0.0005779116763733327,0.0008420881349593401
172,17200.0,2.8183255195617676,0.004910105373710394,1.240772576238669e-06,0.00017433430184610188,0.0005505064036697149,0.0008412422612309456
173,17300.0,2.608908176422119,0.061360325664281845,1.1363082194293384e-05,0.0024274771567434072,0.0006620376370847225,0.000840397144202143
174,17400.0,2.6691596508026123,0.0021209274418652058,3.0630744163318013e-07,6.096413198974915e-05,0.0005965175805613399,0.0008395529584959149
175,17500.0,2.6959753036499023,0.0017927194712683558,1.9657792904581584e-07,4.8711324780015275e-05,0.0005747397080995142,0.0008387096459046006
176,17600.0,2.9070122241973877,0.036950256675481796,5.971211066935211e-06,0.0014568119077011943,0.0005239898455329239,0.0008378670900128782
177,17700.0,2.6984968185424805,0.09041886776685715,4.883233032160206e-06,0.003585733473300934,0.0007706502801738679,0.0008370255236513913
178,17800.0,2.87770414352417,0.003933425527065992,1.1751010333682643e-06,0.00013686067541129887,0.0005107333417981863,0.0008361845975741744
179,17900.0,2.9650158882141113,0.034545887261629105,1.0539066352066584e-05,0.0013577608624473214,0.0005913264467380941,0.0008353446610271931
180,18000.0,2.698611259460449,0.044172052294015884,9.820011655392591e-06,0.0017439739312976599,0.0005628826329484582,0.0008345055393874645
181,18100.0,2.704831838607788,0.025046508759260178,4.431641627888894e-06,0.0009806232992559671,0.0005264957435429096,0.0008336672326549888
182,18200.0,2.5963799953460693,0.006202873308211565,1.0247002819596673e-06,0.00022492074640467763,0.0005788296111859381,0.0008328297990374267
183,18300.0,2.590954542160034,0.0024127971846610308,1.9296686559755472e-07,7.528619607910514e-05,0.0005304490914568305,0.0008319931803271174
184,18400.0,2.6240932941436768,0.0020198088604956865,7.26283474250522e-07,6.230925646377727e-05,0.0004613511555362493,0.0008311574929393828
185,18500.0,2.6013853549957275,0.02710624597966671,2.335112640139414e-06,0.001060756854712963,0.0005849870503880084,0.0008303225040435791
186,18600.0,2.6035139560699463,0.0349254310131073,6.284818027779693e-06,0.0013734237290918827,0.0005835503106936812,0.00082948844647035
187,18700.0,2.7518668174743652,0.02278791554272175,9.016700460051652e-06,0.0008868051809258759,0.0006087676156312227,0.0008286552038043737
188,18800.0,2.671581268310547,0.006084934808313847,6.314116376415768e-07,0.00022437123698182404,0.000475022621685639,0.0008278227760456502
189,18900.0,2.6130740642547607,0.006388659588992596,1.2441926173778484e-06,0.00023398359189741313,0.000537825922947377,0.0008269912214018404
190,19000.0,2.598043918609619,0.03357359766960144,8.176733899745159e-06,0.0013230331242084503,0.0004895941819995642,0.0008261604816652834
191,19100.0,2.7627787590026855,0.01728825643658638,3.3533244732097955e-06,0.000671653775498271,0.0004935590550303459,0.0008253306150436401
192,19200.0,2.622650384902954,0.01089560892432928,3.3118444662250113e-06,0.0004127478168811649,0.0005736012244597077,0.0008245015633292496
193,19300.0,2.7295095920562744,0.011265200562775135,2.570707010818296e-06,0.0004314001416787505,0.0004776268033310771,0.000823673268314451
194,19400.0,2.7535665035247803,0.05657153204083443,9.684136784926523e-06,0.002244111616164446,0.0004590552707668394,0.000822845904622227
195,19500.0,2.6189990043640137,0.041900478303432465,7.312385150726186e-06,0.0016567480051890016,0.00047446441021747887,0.0008220192976295948
196,19600.0,2.638455629348755,0.011617216281592846,1.509649223407905e-06,0.00044017366599291563,0.0006113650742918253,0.0008211935637518764
197,19700.0,2.7161645889282227,0.010076072998344898,2.185805897170212e-06,0.00038285707705654204,0.000502461101859808,0.0008203686447814107
198,19800.0,2.8462934494018555,0.01166029553860426,3.301347533124499e-06,0.0004431963025126606,0.000577086815610528,0.0008195445989258587
199,19900.0,2.8789072036743164,0.005641539581120014,1.4870323639115668e-06,0.00020775949815288186,0.0004460652417037636,0.0008187213097698987
200,20000.0,2.7846875190734863,0.001756349578499794,4.900957151221519e-07,5.440632230602205e-05,0.00039570132503286004,0.0008178988937288523
201,20100.0,2.844926595687866,0.02262851595878601,5.899333245906746e-06,0.0008859729859977961,0.0004732933302875608,0.0008170772343873978
202,20200.0,2.765437364578247,0.027970312163233757,3.2022801406128565e-06,0.001099086832255125,0.0004899384803138673,0.0008162565063685179
203,20300.0,2.6090991497039795,0.035418663173913956,1.0473647307662759e-05,0.0013949022395536304,0.0005356366164050996,0.0008154365932568908
204,20400.0,2.7145755290985107,0.00518870959058404,1.0660621683200588e-06,0.00018941287999041378,0.0004523215757217258,0.0008146173786371946
205,20500.0,2.6058032512664795,0.003990712575614452,9.146743309429439e-07,0.00014149959315545857,0.0004523081879597157,0.0008137990953400731
206,20600.0,2.6740496158599854,0.012861200608313084,4.984621227777097e-06,0.0004964297986589372,0.00044547105790115893,0.0008129816269502044
207,20700.0,2.596764087677002,0.02245141938328743,5.525520009541651e-06,0.0008783739758655429,0.00048654541024006903,0.0008121649734675884
208,20800.0,2.6020355224609375,0.03245606645941734,6.700009180349298e-06,0.0012790964683517814,0.00047195187653414905,0.0008113491348922253
209,20900.0,2.595050811767578,0.003223646664991975,1.1369762660251581e-06,0.00011250122770434245,0.00040997902397066355,0.0008105341694317758
210,21000.0,2.581331491470337,0.0036812243051826954,7.193524425019859e-07,0.0001291258231503889,0.00045235914876684546,0.0008097199606709182
211,21100.0,2.8109593391418457,0.05047629773616791,9.486512681178283e-06,0.0020000413060188293,0.0004657749377656728,0.0008089065086096525
212,21200.0,2.809434652328491,0.004648967646062374,6.601237032555218e-07,0.00016933433653321117,0.0004149487358517945,0.0008080939878709614
213,21300.0,2.7870655059814453,0.027939749881625175,5.755997335654683e-06,0.0011011168826371431,0.000406072213081643,0.0008072822238318622
214,21400.0,2.6043198108673096,0.002034139586612582,2.571978257037699e-07,6.274935003602877e-05,0.000465148565126583,0.0008064712164923549
215,21500.0,2.7154667377471924,0.028602147474884987,5.290341505315155e-06,0.001127157942391932,0.00041790775139816105,0.0008056611404754221
216,21600.0,2.8545079231262207,0.0026931704487651587,5.248650154499046e-07,9.281596430810168e-05,0.0003722466644831002,0.0008048518211580813
217,21700.0,2.7306406497955322,0.0022752853110432625,3.234470113966381e-07,7.311299123102799e-05,0.000447137193987146,0.0008040433167479932
218,21800.0,2.851741075515747,0.04516853392124176,7.297839147213381e-06,0.0017910090973600745,0.00038600602420046926,0.0008032356854528189
219,21900.0,2.596978187561035,0.0029307061340659857,2.708726185574051e-07,0.00010266991012031212,0.0003636874898802489,0.0008024288108572364
220,22000.0,2.648346424102783,0.001199345919303596,3.117807523267402e-07,3.069338345085271e-05,0.00043169959099031985,0.0008016227511689067
221,22100.0,2.839711904525757,0.13217398524284363,1.8907270714407787e-05,0.0052677481435239315,0.00046136832679621875,0.000800817389972508
222,22200.0,2.7394795417785645,0.012111777439713478,2.6531099592830287e-06,0.0004679765261244029,0.0004097111232113093,0.0008000130183063447
223,22300.0,2.687978744506836,0.0037731854245066643,1.229146732839581e-06,0.00013523770030587912,0.00039101377478800714,0.0007992094033397734
224,22400.0,2.644986867904663,0.013556111603975296,3.004192876687739e-06,0.000526601739693433,0.0003880639560520649,0.000798406545072794
225,22500.0,2.721139669418335,0.0022835948038846254,3.579703218292707e-07,7.627078593941405e-05,0.0003764673019759357,0.0007976045599207282
226,22600.0,2.7173449993133545,0.0019021382322534919,3.183100716341869e-07,6.286101415753365e-05,0.00033029456972144544,0.0007968033314682543
227,22700.0,2.7152535915374756,0.001839723321609199,4.3947375161224045e-07,5.7159923017024994e-05,0.00041028583655133843,0.0007960029179230332
228,22800.0,2.7093567848205566,0.06752966344356537,5.538381174119422e-06,0.0026860530488193035,0.0003728080482687801,0.0007952033192850649
229,22900.0,2.885035753250122,0.003966581542044878,7.461778750439407e-07,0.00014091494085732847,0.0004429621039889753,0.0007944045355543494
230,23000.0,2.7555997371673584,0.0011209564981982112,1.3368402562718984e-07,2.7133632102049887e-05,0.0004424820654094219,0.0007936065667308867
231,23100.0,2.841233968734741,0.0208106841892004,3.4590520954225212e-06,0.000813014805316925,0.0004818550660274923,0.0007928092963993549
232,23200.0,2.81188702583313,0.0012777980882674456,1.0490244051197806e-07,3.566399391274899e-05,0.0003860933647956699,0.0007920129573903978
233,23300.0,2.786597967147827,0.007871025241911411,5.988182692817645e-06,0.00029665278270840645,0.0004487174446694553,0.0007912173168733716
234,23400.0,2.5959882736206055,0.023382237181067467,2.669760306162061e-06,0.0009182143257930875,0.0004242094873916358,0.0007904224912635982
235,23500.0,2.7392728328704834,0.014766285195946693,2.509455953259021e-06,0.0005755051388405263,0.0003761473053600639,0.0007896284805610776
236,23600.0,2.6878466606140137,0.01448760461062193,3.286109176769969e-06,0.0005651470273733139,0.0003556427836883813,0.0007888353429734707
237,23700.0,2.694911003112793,0.011756048537790775,3.8655630305584054e-06,0.00045563073945231736,0.00036141331656835973,0.0007880429620854557
238,23800.0,2.691920042037964,0.021755188703536987,8.223699296650011e-06,0.0008550169877707958,0.00037154031451791525,0.0007872513378970325
239,23900.0,2.75168514251709,0.01198733039200306,4.5949550440127496e-06,0.00046305928844958544,0.00040625297697260976,0.0007864604704082012
240,24000.0,2.832923650741577,0.012799459509551525,2.7860783120559063e-06,0.0004978155484423041,0.00035128442686982453,0.0007856703596189618
241,24100.0,2.942671775817871,0.0011407480342313647,2.883511740492395e-07,3.2913358154473826e-05,0.0003176257305312902,0.000784881180152297
242,24200.0,2.8182737827301025,0.022010447457432747,1.0985650078509934e-05,0.0008619517320767045,0.0004506685654632747,0.0007840927573852241
243,24300.0,2.8808348178863525,0.01558436919003725,5.381793926062528e-06,0.0006089266389608383,0.0003558208409231156,0.0007833050913177431
244,24400.0,2.873481273651123,0.015368317253887653,5.828970643051434e-06,0.0005992598598822951,0.00038099189987406135,0.0007825182401575148
245,24500.0,2.812368154525757,0.009748919866979122,8.756805982557125e-06,0.0003756474470719695,0.0003489770751912147,0.0007817322039045393
246,24600.0,2.8144547939300537,0.006692161783576012,1.6990620679280255e-06,0.00025362629094161093,0.00034980507916770875,0.0007809469243511558
247,24700.0,2.808131456375122,0.0021236694883555174,2.969971717448061e-07,7.289946370292455e-05,0.0003008857893291861,0.0007801625179126859
248,24800.0,2.8348257541656494,0.006128231529146433,1.8610958250064868e-06,0.00023190653882920742,0.0003287067520432174,0.000779378809966147
249,24900.0,2.736804723739624,0.01784483902156353,3.3607996101636672e-06,0.0007014311267994344,0.0003057004068978131,0.0007785959169268608
250,25000.0,2.597059488296509,0.0035200524143874645,1.0374421890446683e-06,0.0001264290913240984,0.00035828768159262836,0.0007778137805871665
251,25100.0,2.7463936805725098,0.05416271090507507,9.775942999112885e-06,0.0021503930911421776,0.00039310817373916507,0.0007770324009470642
252,25200.0,2.6441290378570557,0.0044295270927250385,1.9058354610024253e-06,0.0001621248957235366,0.00037449883529916406,0.0007762518362142146
253,25300.0,2.6645801067352295,0.0011030733585357666,4.1015380247699795e-07,3.270391243859194e-05,0.0002850654418580234,0.0007754720863886178
254,25400.0,2.6578915119171143,0.010813033208251,2.6442519356351113e-06,0.00041815167060121894,0.000356597505742684,0.0007746930932626128
255,25500.0,2.6995368003845215,0.05855761095881462,5.508649337571114e-06,0.002326852874830365,0.00038078066427260637,0.0007739149150438607
256,25600.0,2.8234922885894775,0.05114930868148804,8.952258212957531e-06,0.0020280147437006235,0.000439985073171556,0.0007731374935247004
257,25700.0,2.800288677215576,0.014122209511697292,2.2925491975911427e-06,0.0005523560685105622,0.000311015552142635,0.0007723607704974711
258,25800.0,2.8568344116210938,0.015269317664206028,4.417127911438001e-06,0.0005991262150928378,0.0002867451112251729,0.0007715849787928164
259,25900.0,3.011690378189087,0.003106417367234826,1.7310698012806824e-06,0.00011108577018603683,0.00032754187122918665,0.0007708098855800927
260,26000.0,2.997572660446167,0.05523516982793808,2.949205509139574e-06,0.0021717948839068413,0.0009373472421430051,0.0007700356072746217
261,26100.0,3.1172163486480713,0.0009659099741838872,9.633600939196185e-08,2.7721000151359476e-05,0.0002727886021602899,0.0007692620856687427
262,26200.0,2.8739237785339355,0.005250635556876659,2.624761236802442e-06,0.0001967998396139592,0.00032801448833197355,0.0007684893207624555
263,26300.0,2.865184783935547,0.020438548177480698,7.571296464448096e-06,0.0008058477542363107,0.0002847830764949322,0.0007677173707634211
264,26400.0,2.7388720512390137,0.0007636761874891818,8.62478657381871e-08,1.8347909644944593e-05,0.0003048921935260296,0.0007669462356716394
265,26500.0,2.6035854816436768,0.03490423038601875,9.540977771393955e-06,0.0013834831770509481,0.0003076139837503433,0.0007661757990717888
266,26600.0,2.601175546646118,0.0025203886907547712,4.6001667897144216e-07,8.845954289427027e-05,0.0003084400377701968,0.0007654061773791909
267,26700.0,2.7676303386688232,0.01031305082142353,2.3050736217555823e-06,0.000399314914830029,0.0003278727817814797,0.0007646371959708631
268,26800.0,2.8382599353790283,0.006272544153034687,1.4376694252860034e-06,0.00023873911413829774,0.00030262861400842667,0.0007638691458851099
269,26900.0,2.831711769104004,0.010573347099125385,1.8891312265623128e-06,0.0004105906991753727,0.00030669086845591664,0.0007631017942912877
270,27000.0,2.8060455322265625,0.010484769940376282,3.909316092176596e-06,0.00040902572800405324,0.00025521693169139326,0.0007623352576047182
271,27100.0,2.988917589187622,0.02538681961596012,8.537877874914557e-06,0.0009975837310776114,0.0004386887885630131,0.0007615694776177406
272,27200.0,2.747947931289673,0.016909461468458176,2.8845945507782744e-06,0.0006639908533543348,0.000306805333821103,0.0007608044543303549
273,27300.0,2.597412109375,0.029840951785445213,3.5546149774745572e-06,0.0011793170124292374,0.0003544724895618856,0.0007600401877425611
274,27400.0,2.6059770584106445,0.013095674104988575,8.033985977817792e-06,0.0005118920817039907,0.00029033925966359675,0.0007592767360620201
275,27500.0,2.8465447425842285,0.010783490724861622,4.187829745205818e-06,0.00042157649295404553,0.00023989021428860724,0.0007585140410810709
276,27600.0,2.830360174179077,0.008211210370063782,2.8602726160897873e-06,0.00031697546364739537,0.0002839639491867274,0.0007577521027997136
277,27700.0,2.7364721298217773,0.008820290677249432,1.7109504142354126e-06,0.0003397907712496817,0.000323810672853142,0.0007569908048026264
278,27800.0,2.7228472232818604,0.019228853285312653,3.0616524782089982e-06,0.0007582672405987978,0.0002691092377062887,0.0007562304963357747
279,27900.0,2.682021141052246,0.013647465035319328,2.608237764434307e-06,0.0005347391706891358,0.0002763773372862488,0.0007554707699455321
280,28000.0,2.750246286392212,0.00612309854477644,9.154032909464149e-07,0.0002349082933505997,0.0002494756190571934,0.0007547119166702032
281,28100.0,2.9902944564819336,0.002576657570898533,9.073781939150649e-07,9.315265197074041e-05,0.000246933865128085,0.0007539537618868053
282,28200.0,2.813225030899048,0.011982938274741173,5.516343662748113e-06,0.0004681686405092478,0.0002732064458541572,0.0007531964802183211
283,28300.0,2.804694890975952,0.005647785030305386,1.9960855297540547e-06,0.00021567130170296878,0.00025400592130608857,0.0007524398388341069
284,28400.0,2.8091583251953125,0.009284238331019878,3.7870236155868042e-06,0.00036068030749447644,0.0002634443517308682,0.0007516840123571455
285,28500.0,2.741520643234253,0.018613234162330627,5.80666346650105e-06,0.0007324278703890741,0.0002967320615425706,0.000750928942579776
286,28600.0,2.798676013946533,0.013431880623102188,9.43277063925052e-06,0.0005209975643083453,0.00039750910946168005,0.0007501745712943375
287,28700.0,2.7671916484832764,0.042009804397821426,4.247306151228258e-06,0.0016678632237017155,0.00030897455872036517,0.0007494209567084908
288,28800.0,2.7887721061706543,0.005558004602789879,5.170951226318721e-06,0.00021212412684690207,0.00024973053950816393,0.0007486682152375579
289,28900.0,2.805095911026001,0.005846054293215275,1.5111679658730282e-06,0.00022291512868832797,0.0002716650487855077,0.0007479160558432341
290,29000.0,2.9291508197784424,0.0027282186783850193,7.818342169230164e-07,9.786520968191326e-05,0.0002808066492434591,0.0007471648277714849
291,29100.0,2.9924752712249756,0.014605013653635979,2.472854703228222e-06,0.0005737238680012524,0.00025944417575374246,0.0007464142399840057
292,29200.0,2.7428600788116455,0.0101202093064785,3.1887884688330814e-06,0.00039483176078647375,0.00024622672935947776,0.0007456644671037793
293,29300.0,2.6697638034820557,0.0020700045861303806,7.044822609714174e-07,7.238516991492361e-05,0.0002596708363853395,0.0007449154509231448
294,29400.0,2.7952768802642822,0.004544765222817659,7.857456125748286e-07,0.00017258124717045575,0.00022944877855479717,0.0007441671914421022
295,29500.0,2.809227705001831,0.0031818950083106756,3.866861959522794e-07,0.00011821076623164117,0.00022623923723585904,0.0007434195722453296
296,29600.0,2.7465014457702637,0.007187137380242348,7.942947490846564e-07,0.0002770109858829528,0.0002610685769468546,0.0007426727679558098
297,29700.0,2.7062172889709473,0.005417157430201769,1.6917492757784203e-06,0.0002066606975859031,0.00024894834496080875,0.0007419267785735428
298,29800.0,2.6198089122772217,0.001444671070203185,5.393860078584112e-07,4.858875399804674e-05,0.0002294128789799288,0.0007411814876832068
299,29900.0,2.707902193069458,0.01984051987528801,7.151086720114108e-06,0.0007841238402761519,0.0002302736829733476,0.0007404369534924626
300,30000.0,2.961764335632324,0.005523504223674536,9.455267218072549e-07,0.00021159883181098849,0.00023258737928699702,0.0007396931177936494
301,30100.0,2.9782586097717285,0.007307447958737612,1.7569464034750126e-06,0.000283879810012877,0.00020869607396889478,0.000738950097002089
302,30200.0,2.808300256729126,0.03941870108246803,4.996925781597383e-05,0.001560502452775836,0.00035616810782812536,0.0007382078329101205
303,30300.0,2.8634865283966064,0.0009389382903464139,7.639419408178583e-08,2.6447403797646984e-05,0.0002776768524199724,0.0007374663255177438
304,30400.0,2.724132776260376,0.013145728968083858,3.937884230253985e-06,0.0005132320220582187,0.0003109910758212209,0.0007367255166172981
305,30500.0,2.8111424446105957,0.0016319359419867396,7.470899845429813e-07,5.5494372645625845e-05,0.00024382960691582412,0.0007359854062087834
306,30600.0,2.786790609359741,0.008015810512006283,2.6944949240714777e-06,0.00030914691160432994,0.00028444398776628077,0.0007352461107075214
307,30700.0,2.612661838531494,0.010286634787917137,1.4739200651092688e-06,0.00040182992233894765,0.0002394127513980493,0.0007345075136981905
308,30800.0,2.639007091522217,0.007116734050214291,2.9769282718916656e-06,0.00027502045850269496,0.00023824584786780179,0.0007337696733884513
309,30900.0,2.8957834243774414,0.005217057187110186,9.132340323958488e-07,0.00019849283853545785,0.00025382303283549845,0.000733032647985965
310,31000.0,2.70326566696167,0.00761126633733511,2.0724930891447e-06,0.0002940573904197663,0.00025775874382816255,0.0007322962628677487
311,31100.0,2.778468608856201,0.018400093540549278,2.7362862056179438e-06,0.0007252749637700617,0.00026548191090114415,0.0007315606344491243
312,31200.0,2.621927499771118,0.018599025905132294,6.58671115161269e-06,0.0007328784558922052,0.0002704789221752435,0.0007308257627300918
313,31300.0,2.6087002754211426,0.0007659084512852132,1.2709917029951612e-07,2.221502290922217e-05,0.00021040574938524514,0.0007300916477106512
314,31400.0,2.686352491378784,0.0031639335211366415,5.780311198577692e-07,0.0001181726111099124,0.00020903996482957155,0.0007293582311831415
315,31500.0,2.7043299674987793,0.05078704655170441,5.170280928723514e-06,0.002022014930844307,0.0002315044403076172,0.0007286255713552237
316,31600.0,2.744196891784668,0.005510114133358002,1.5060701343827532e-06,0.00021093270333949476,0.00023529076133854687,0.0007278936100192368
317,31700.0,2.704897165298462,0.002582039451226592,1.9396519235215237e-07,9.475800470681861e-05,0.00021289546566549689,0.0007271624635905027
318,31800.0,2.76271653175354,0.006321038119494915,6.349552563733596e-07,0.0002439714880893007,0.00022111540602054447,0.0007264320156536996
319,31900.0,2.6126043796539307,0.0032277493737637997,4.6585466861870373e-07,0.00012052878446411341,0.00021406372252386063,0.0007257022662088275
320,32000.0,2.6185429096221924,0.011020137928426266,2.0875850168522447e-06,0.0004326831840444356,0.00020096966181881726,0.0007249732734635472
321,32100.0,2.7931933403015137,0.011269484646618366,4.292467565392144e-06,0.00044224614975973964,0.00020903823315165937,0.0007242450374178588
322,32200.0,2.7886569499969482,0.002960681216791272,3.332168887482112e-07,0.00011011780588887632,0.00020740306354127824,0.0007235174998641014
323,32300.0,2.6960396766662598,0.002480248222127557,1.2291842494960292e-06,9.033852256834507e-05,0.00022055594308767468,0.0007227907190099359
324,32400.0,2.6019158363342285,0.001936282147653401,2.7668022539728554e-07,6.860306893941015e-05,0.00022092873405199498,0.0007220646948553622
325,32500.0,2.6024396419525146,0.018842296674847603,4.686289230448892e-06,0.0007430259720422328,0.00026196124963462353,0.0007213393109850585
326,32600.0,2.6098599433898926,0.015382986515760422,3.10358768729202e-06,0.0006025730399414897,0.00031555714667774737,0.0007206146838143468
327,32700.0,2.718858242034912,0.005753674544394016,1.2787494370058994e-06,0.00022260841797105968,0.00018718560750130564,0.0007198908715508878
328,32800.0,2.629584312438965,0.001040237257257104,1.9048125921017345e-07,3.248627035645768e-05,0.00022788999194744974,0.0007191677577793598
329,32900.0,2.5988922119140625,0.001995730446651578,5.881214519831701e-07,7.111464947229251e-05,0.00021727597049903125,0.0007184452842921019
330,33000.0,2.5962061882019043,0.010295769199728966,3.93397249354166e-06,0.00040355772944167256,0.00020289243548177183,0.0007177235092967749
331,33100.0,2.700061321258545,0.0024273365270346403,5.5711882396281e-07,8.91115196282044e-05,0.000198991343495436,0.0007170026074163616
332,33200.0,2.592200994491577,0.028875164687633514,6.042614131729351e-06,0.0011450046440586448,0.00024400644178967923,0.0007162824040278792
333,33300.0,2.595396041870117,0.006862880662083626,1.5387764733532094e-06,0.00026690252707339823,0.00018877917318604887,0.000715562782716006
334,33400.0,2.6021342277526855,0.008725075051188469,2.8230333555256948e-06,0.0003416515828575939,0.0001809627574402839,0.0007148440345190465
335,33500.0,2.598452091217041,0.0011709128739312291,2.972651600430254e-07,3.597162867663428e-05,0.00027132497052662075,0.0007141259266063571
336,33600.0,2.5986440181732178,0.01214807853102684,3.516268407111056e-06,0.0004775772977154702,0.00020512918126769364,0.0007134085753932595
337,33700.0,2.604576349258423,0.007173881866037846,2.7874521038029343e-06,0.00027997352299280465,0.00017175660468637943,0.0007126919226720929
338,33800.0,2.6939048767089844,0.005807021167129278,1.248882995241729e-06,0.00022391813399735838,0.00020781898638233542,0.0007119760266505182
339,33900.0,2.6616153717041016,0.0036271328572183847,4.373611375285691e-07,0.0001368397061014548,0.00020570287597365677,0.0007112608291208744
340,34000.0,2.588966131210327,0.028420230373740196,5.988520570099354e-06,0.0011293590068817139,0.00018026737961918116,0.0007105462718755007
341,34100.0,2.7169766426086426,0.005526952911168337,9.418029094376834e-07,0.00021239578200038522,0.00021611596457660198,0.0007098325295373797
342,34200.0,2.5984127521514893,0.005315462127327919,1.5739167338324478e-06,0.00020500131358858198,0.00018885539611801505,0.0007091195438988507
343,34300.0,2.6064507961273193,0.009233931079506874,3.7159063595026964e-06,0.00036163139156997204,0.00018943047325592488,0.0007084071403369308
344,34400.0,2.591177463531494,0.009309160523116589,3.0853605039737886e-06,0.0003645115939434618,0.00019328479538671672,0.0007076955516822636
345,34500.0,2.689682960510254,0.007371289189904928,5.708488060918171e-06,0.0002867612347472459,0.00019654935749713331,0.0007069846615195274
346,34600.0,2.7860186100006104,0.003683689748868346,5.361700345929421e-07,0.0001388209784636274,0.00021262906375341117,0.0007062744698487222
347,34700.0,2.7236149311065674,0.023959437385201454,6.761817530787084e-06,0.0009503081091679633,0.00019497291941661388,0.0007055650348775089
348,34800.0,2.836059331893921,0.005833320785313845,2.8684389690170065e-06,0.0002255963336210698,0.00019054401491302997,0.0007048562401905656
349,34900.0,2.86026668548584,0.007959958165884018,2.223354158559232e-06,0.0003099776222370565,0.00020829403365496546,0.0007041482022032142
350,35000.0,2.8710532188415527,0.0185062438249588,3.0306746339192614e-06,0.000731484149582684,0.00021610921248793602,0.0007034408627077937
351,35100.0,2.8087196350097656,0.0015589762479066849,1.150833895735559e-06,5.5375974625349045e-05,0.00017342602950520813,0.0007027342217043042
352,35200.0,2.5943143367767334,0.00590260187163949,7.5478033068066e-07,0.00022899416217114776,0.00017699300951790065,0.0007020282791927457
353,35300.0,2.5871775150299072,0.00408472353592515,9.070416240319901e-07,0.00015598323079757392,0.00018423551227897406,0.0007013231515884399
354,35400.0,2.5839316844940186,0.003379132365807891,7.779202064739366e-07,0.000126414728583768,0.00021798622037749738,0.0007006186060607433
355,35500.0,2.5835227966308594,0.008560549467802048,3.340999683132395e-06,0.00033428616006858647,0.00020005465194117278,0.0006999148172326386
356,35600.0,2.5886194705963135,0.009058558382093906,1.7965229517358239e-06,0.0003549380926415324,0.0001833091810112819,0.0006992117268964648
357,35700.0,2.604987621307373,0.003823738545179367,1.2966598887942382e-06,0.00014546499005518854,0.00018581720360089093,0.0006985093932598829
358,35800.0,2.8523876667022705,0.00335316127166152,1.1759728977267514e-06,0.00012686601257883012,0.00018033504602499306,0.0006978076416999102
359,35900.0,2.7976114749908447,0.006334804464131594,1.2127823083574185e-06,0.00024642664357088506,0.00017292586562689394,0.0006971067050471902
360,36000.0,2.793980598449707,0.006827943027019501,1.0300561825715704e-06,0.0002585739712230861,0.000362564082024619,0.0006964064668864012
361,36100.0,2.74128794670105,0.005625950638204813,1.963048134712153e-06,0.00021865333837922662,0.00015765386342536658,0.0006957068690098822
362,36200.0,2.659548044204712,0.004330742172896862,1.1730912774510216e-06,0.00016714811499696225,0.00015086654457263649,0.0006950080278329551
363,36300.0,2.8197991847991943,0.009692776016891003,4.122442078369204e-06,0.0003803854633588344,0.00017901655519381166,0.000694309885147959
364,36400.0,2.7524914741516113,0.0028922706842422485,7.27652377463528e-07,0.00010720666614361107,0.0002113764639943838,0.0006936124409548938
365,36500.0,2.651503324508667,0.011162687093019485,3.6174244542053202e-06,0.00043930287938565016,0.0001764975459082052,0.0006929156952537596
366,36600.0,2.707045078277588,0.01068582758307457,9.78948810370639e-06,0.0004189284809399396,0.00020282626792322844,0.0006922196480445564
367,36700.0,2.754124641418457,0.006568514741957188,2.4145663246599725e-06,0.00025427216314710677,0.00020929616584908217,0.0006915242993272841
368,36800.0,2.828749895095825,0.006383372470736504,6.095885396462108e-07,0.00024871883215382695,0.0001647920289542526,0.0006908295908942819
369,36900.0,2.7326390743255615,0.012206906452775002,4.297502528061159e-06,0.00048004713607952,0.00020143089932389557,0.0006901356391608715
370,37000.0,2.6043813228607178,0.0024489769712090492,5.683409654011484e-07,9.167660027742386e-05,0.00015649371198378503,0.000689442444127053
371,37100.0,2.724400043487549,0.00235766195692122,4.896751875094196e-07,8.790446736384183e-05,0.000159560760948807,0.0006887498311698437
372,37200.0,2.5977940559387207,0.0037355097010731697,8.846139394336205e-07,0.00014321393973659724,0.0001542766549391672,0.0006880579749122262
373,37300.0,2.6257920265197754,0.007374415639787912,1.7164452401630115e-06,0.00028847905923612416,0.00016072245489340276,0.0006873668171465397
374,37400.0,2.598205327987671,0.0059007080271840096,2.886047695938032e-06,0.00022987675038166344,0.00015090320084709674,0.0006866763578727841
375,37500.0,2.6005828380584717,0.0040394626557827,1.2867815257777693e-06,0.0001544588740216568,0.00017670418310444802,0.0006859865388832986
376,37600.0,2.7170908451080322,0.003473289543762803,1.3373510228120722e-06,0.0001323724427493289,0.00016264115402009338,0.000685297476593405
377,37700.0,2.5869526863098145,0.009318097494542599,2.968545231851749e-06,0.00036660159821622074,0.00015008918126113713,0.0006846091127954423
378,37800.0,2.6054532527923584,0.002590550808236003,1.5040877769934013e-06,9.73037094809115e-05,0.0001564540434628725,0.0006839213310740888
379,37900.0,2.7094662189483643,0.017980758100748062,2.910038119807723e-06,0.0007107091951183975,0.00021011946955695748,0.0006832343060523272
380,38000.0,2.7339656352996826,0.0032169485930353403,5.666684614880069e-07,0.00012303757830522954,0.00014044261479284614,0.0006825480377301574
381,38100.0,2.8087587356567383,0.008768915198743343,1.5811242519703228e-06,0.0003428569179959595,0.00019591147429309785,0.0006818624096922576
382,38200.0,2.7450740337371826,0.004066056571900845,6.872938342894486e-07,0.00015604516374878585,0.00016424023488070816,0.000681177421938628
383,38300.0,2.60264253616333,0.003314184257760644,1.0656584663593094e-06,0.00012613579747267067,0.00015972377150319517,0.0006804930744692683
384,38400.0,2.7935051918029785,0.0025826427154242992,1.668183358560782e-06,9.695856715552509e-05,0.00015701029042247683,0.0006798096001148224
385,38500.0,3.128917932510376,0.0013966893311589956,3.046272922802018e-07,4.8302255891030654e-05,0.00018882837321143597,0.0006791266496293247
386,38600.0,2.661684274673462,0.0018526639323681593,1.2854733313361066e-06,6.869975914014503e-05,0.0001338845322607085,0.0006784443976357579
387,38700.0,2.597489356994629,0.004042512271553278,1.3229202977527166e-06,0.0001546014245832339,0.00017615349497646093,0.000677762960549444
388,38800.0,2.594480514526367,0.0010744469473138452,5.206440505389764e-07,3.663194002001546e-05,0.00015812786296010017,0.0006770821055397391
389,38900.0,2.660649299621582,0.007850227877497673,1.483207370256423e-06,0.00030834530480206013,0.00014011157327331603,0.0006764020072296262
390,39000.0,2.8804843425750732,0.0023600817658007145,9.88633814813511e-07,8.819781214697286e-05,0.00015414776862598956,0.0006757224909961224
391,39100.0,2.929826021194458,0.005271685775369406,1.0376878663009848e-06,0.00020467913418542594,0.00015367029118351638,0.0006750437314622104
392,39200.0,2.705495595932007,0.0014288254315033555,7.178636565186025e-07,5.034545756643638e-05,0.00016947112453635782,0.0006743656704202294
393,39300.0,2.600269317626953,0.008228897117078304,2.314689481863752e-06,0.00032243537134490907,0.00016569854051340371,0.0006736882496625185
394,39400.0,2.6372694969177246,0.004040134605020285,2.6296513055967807e-07,0.0001556187926325947,0.00014940164692234248,0.0006730115273967385
395,39500.0,2.92881178855896,0.002697210293263197,5.844144652655814e-07,0.00010179774835705757,0.00015168213576544076,0.0006723354454152286
396,39600.0,2.8837392330169678,0.0065460833720862865,2.9098753202561056e-06,0.00025584292598068714,0.00014710071263834834,0.0006716600619256496
397,39700.0,2.9380433559417725,0.002811711048707366,2.505394149920903e-07,0.00010690851195249707,0.00013874766591470689,0.0006709853187203407
398,39800.0,2.834648609161377,0.008751862682402134,1.5000948678789428e-06,0.00034342886647209525,0.0001646412565605715,0.0006703113322146237
399,39900.0,2.958164691925049,0.024625344201922417,1.1061702934966888e-05,0.0009778281673789024,0.00016857600712683052,0.0006696379277855158
400,40000.0,2.6442415714263916,0.005775722209364176,4.798516783921514e-06,0.0002239257883047685,0.00017277878941968083,0.0006689653382636607
401,40100.0,2.7087464332580566,0.004389242734760046,1.4013373856869293e-06,0.0001695366809144616,0.00014942485722713172,0.0006682933308184147
402,40200.0,2.6386735439300537,0.004031831864267588,1.9806450382020557e-06,0.00015534568228758872,0.0001462091167923063,0.0006676220218650997
403,40300.0,2.7420763969421387,0.002340292325243354,8.744694355300453e-07,8.782644727034494e-05,0.00014375652244780213,0.0006669514114037156
404,40400.0,2.644115924835205,0.005832597613334656,5.478693196891982e-07,0.00022741961583960801,0.00014655898849014193,0.0006662813830189407
405,40500.0,2.646975040435791,0.006559445988386869,1.7077990150937694e-06,0.0002574087993707508,0.0001225180458277464,0.0006656120531260967
406,40600.0,2.7214818000793457,0.009307892061769962,2.2497538338939194e-06,0.00036610718234442174,0.00015296238416340202,0.0006649434217251837
407,40700.0,2.761078119277954,0.002585784764960408,9.89347654467565e-07,9.736560605233535e-05,0.00015065543993841857,0.0006642754888162017
408,40800.0,2.8401782512664795,0.004028592724353075,1.6786156038506306e-06,0.00015549833187833428,0.0001394555438309908,0.0006636081379838288
409,40900.0,2.676851272583008,0.00774611858651042,2.1230976017250214e-06,0.0003044301411136985,0.00013324197789188474,0.0006629416020587087
410,41000.0,2.700979471206665,0.003799466649070382,1.3130743354849983e-06,0.00014526821905747056,0.0001664481678744778,0.0006622756482101977
411,41100.0,2.926767587661743,0.007105499040335417,1.4025207519807736e-06,0.0002788543642964214,0.00013273702643346041,0.0006616103928536177
412,41200.0,2.6047844886779785,0.0018235055031254888,5.844224233442219e-07,6.733015470672399e-05,0.0001396671577822417,0.0006609457777813077
413,41300.0,2.738239049911499,0.006223164964467287,2.453361048537772e-06,0.0002436773502267897,0.00012877772678621113,0.0006602818612009287
414,41400.0,2.9277074337005615,0.0005575929535552859,1.620677494429401e-07,1.6695401427568868e-05,0.00014004585682414472,0.0006596185849048197
415,41500.0,2.714519739151001,0.0024718886706978083,7.437661224685144e-07,9.353800123790279e-05,0.00013269507326185703,0.0006589559488929808
416,41600.0,2.8462088108062744,0.00648757629096508,9.742483371155686e-07,0.0002540670393500477,0.00013492624566424638,0.0006582940113730729
417,41700.0,2.672793388366699,0.007448126561939716,1.1557007155715837e-06,0.00029189648921601474,0.0001495588367106393,0.000657632714137435
418,41800.0,2.9460465908050537,0.00790442992001772,1.6269043499050895e-06,0.0003106107469648123,0.00013753396342508495,0.000656972115393728
419,41900.0,2.640193462371826,0.0011787950061261654,2.2206276639735734e-07,4.1749899537535384e-05,0.0001348252990283072,0.000656312215141952
420,42000.0,2.599188804626465,0.00029874045867472887,9.445403037489086e-08,5.4934484978730325e-06,0.0001613097992958501,0.0006556528387591243
421,42100.0,2.788930654525757,0.004307175520807505,9.759035037859576e-07,0.00016690055781509727,0.00013368562213145196,0.0006549942190758884
422,42200.0,2.599043130874634,0.003868704428896308,1.3408860013441881e-06,0.00014875664783176035,0.00014844750694464892,0.0006543363560922444
423,42300.0,2.65474534034729,0.0015042077284306288,1.7400003571310663e-07,5.5267621064558625e-05,0.00012234314635861665,0.0006536789587698877
424,42400.0,2.797628879547119,0.0053949723951518536,2.6637255814421223e-06,0.00021060545986983925,0.00012717193749267608,0.0006530223763547838
425,42500.0,2.5933501720428467,0.0015438302652910352,3.506957000354305e-07,5.6055199820548296e-05,0.00014209968503564596,0.000652366376016289
426,42600.0,2.5856382846832275,0.003029864514246583,3.3004093324962014e-07,0.00011610503133852035,0.00012690854782704264,0.0006517110741697252
427,42700.0,2.5825400352478027,0.003909242805093527,4.368530994725006e-07,0.00015107481158338487,0.00013193585618864745,0.0006510564126074314
428,42800.0,2.5835845470428467,0.007866468280553818,2.1839382498001214e-06,0.0003090461250394583,0.00013813117402605712,0.0006504023913294077
429,42900.0,2.5903313159942627,0.02795250341296196,4.2507299440330826e-06,0.001112248282879591,0.00014204505714587867,0.0006497490685433149
430,43000.0,2.5960330963134766,0.006094248034060001,1.0210982281932957e-06,0.00023831725411582738,0.0001352957624476403,0.0006490963278338313
431,43100.0,2.7043228149414062,0.006312067620456219,1.22454468964861e-06,0.0002472190244589001,0.00013036740710958838,0.0006484443438239396
432,43200.0,2.6623904705047607,0.00046791337081231177,1.5748214821087458e-07,1.3275009223434608e-05,0.0001358806766802445,0.0006477930000983179
433,43300.0,2.6053037643432617,0.0014178742421790957,7.844366223253019e-07,5.1227485528215766e-05,0.00013640268298331648,0.0006471422384493053
434,43400.0,2.615553617477417,0.0012118312297388911,3.122555654044845e-07,4.391699258121662e-05,0.00011359418567735702,0.0006464921752922237
435,43500.0,2.609113931655884,0.00457226624712348,1.5951408158798586e-06,0.00017774278239812702,0.00012710121518466622,0.0006458427524194121
436,43600.0,2.693154811859131,0.00781578291207552,1.3474596016749274e-06,0.0003069827507715672,0.00013986694102641195,0.0006451940280385315
437,43700.0,2.597446918487549,0.007851659320294857,2.1329342416720465e-06,0.0003083235933445394,0.00014143659791443497,0.0006445458857342601
438,43800.0,2.6168408393859863,0.004512036684900522,1.062790147443593e-06,0.00017496172222308815,0.00013693104847334325,0.0006438983837142587
439,43900.0,2.602046251296997,0.0075807408429682255,1.4903672536092927e-06,0.0002982551814056933,0.00012287074059713632,0.0006432516383938491
440,44000.0,2.598076343536377,0.006817435380071402,8.229889658650791e-07,0.00026804598746821284,0.00011546284076757729,0.0006426054169423878
441,44100.0,2.69928240776062,0.0029794732108712196,8.852032920003694e-07,0.00011388455459382385,0.0001314740948146209,0.0006419598939828575
442,44200.0,2.8060951232910156,0.003985192626714706,2.8744616429321468e-06,0.00015356461517512798,0.00014320286572910845,0.0006413150695152581
443,44300.0,2.777230978012085,0.004154697060585022,1.1172929816893884e-06,0.0001610870531294495,0.00012640356726478785,0.0006406708271242678
444,44400.0,2.9394586086273193,0.01571156270802021,7.562384780612774e-06,0.000622469000518322,0.00014227502106223255,0.0006400272832252085
445,44500.0,2.668164014816284,0.002107289619743824,3.4418073369124613e-07,7.929542334750295e-05,0.00012455992691684514,0.0006393843796104193
446,44600.0,2.8554160594940186,0.004822653252631426,1.9186300050932914e-06,0.000187171739526093,0.00014144141459837556,0.0006387420580722392
447,44700.0,2.7157511711120605,0.011110263876616955,4.14193891629111e-06,0.00043639354407787323,0.00019628406153060496,0.00063810043502599
448,44800.0,2.5855562686920166,0.0013796128332614899,1.8769192422496417e-07,4.9883870815392584e-05,0.00013232830679044127,0.0006374594522640109
449,44900.0,2.7410056591033936,0.005463962443172932,8.33961394164362e-07,0.00021364011627156287,0.00012212585716042668,0.0006368191097863019
450,45000.0,2.7267937660217285,0.005994599778205156,8.965161555352097e-07,0.0002354724711040035,0.000106891653558705,0.0006361793493852019
451,45100.0,2.8563246726989746,0.004443628713488579,1.358470171908266e-06,0.00017265169299207628,0.000125978171126917,0.000635540287476033
452,45200.0,2.793442726135254,0.004249261226505041,1.5748180430819048e-06,0.0001640088448766619,0.00014746509259566665,0.0006349018658511341
453,45300.0,2.7456114292144775,0.001518714940175414,4.0060928085949854e-07,5.572897134697996e-05,0.00012509015505202115,0.0006342641427181661
454,45400.0,2.8071463108062744,0.004100404679775238,1.2142769492129446e-06,0.0001584493729751557,0.0001379556633764878,0.0006336270016618073
455,45500.0,2.7173802852630615,0.005034796893596649,1.7402696812496288e-06,0.00019656567019410431,0.000118914911581669,0.0006329905008897185
456,45600.0,2.705303430557251,0.004112007096409798,1.2450101394279045e-06,0.00015964810154400766,0.000119559328595642,0.0006323546404018998
457,45700.0,2.6136794090270996,0.004902297165244818,1.872493726295943e-06,0.00019205584248993546,9.902858437271789e-05,0.0006317193619906902
458,45800.0,2.6127803325653076,0.00256220786832273,1.3522424069378758e-06,9.748218872118741e-05,0.0001238010445376858,0.0006310847820714116
459,45900.0,2.6140360832214355,0.0004045726091135293,1.053958698093993e-07,1.1315685696899891e-05,0.00012157508899690583,0.000630450900644064
460,46000.0,2.82773494720459,0.005735107697546482,1.4976792499510339e-06,0.00022409665689337999,0.00013119341747369617,0.0006298176012933254
461,46100.0,2.729477882385254,0.002813757164403796,3.89195236039086e-07,0.00010794503759825602,0.00011474190250737593,0.000629184884019196
462,46200.0,2.5961666107177734,0.0019324460299685597,5.017908506488311e-07,7.262474537128583e-05,0.00011632564564934,0.0006285528652369976
463,46300.0,2.5915420055389404,0.006385915447026491,6.102791303419508e-07,0.00025091361021623015,0.00011246481881244108,0.0006279214867390692
464,46400.0,2.5961570739746094,0.005280762445181608,1.8036021174339112e-06,0.0002063766442006454,0.0001195424993056804,0.0006272907485254109
465,46500.0,2.7620699405670166,0.004195317160338163,1.4578572518075816e-06,0.0001623361458769068,0.00013545554247684777,0.0006266605923883617
466,46600.0,2.6157710552215576,0.003796491539105773,5.265707727630797e-07,0.00014704804925713688,0.00011976376117672771,0.0006260311347432435
467,46700.0,2.6623733043670654,0.0071770926006138325,2.3164107005868573e-06,0.0002817373024299741,0.0001313441462116316,0.0006254022009670734
468,46800.0,2.5931508541107178,0.0013897359604015946,4.828751229979389e-07,5.1037914090557024e-05,0.00011330513370921835,0.0006247739656828344
469,46900.0,2.599170446395874,0.0029082410037517548,9.690166962172952e-07,0.00011128978803753853,0.00012502726167440414,0.0006241463706828654
470,47000.0,2.5929477214813232,0.006823334842920303,5.678439833900484e-07,0.00026798422913998365,0.00012316142965573817,0.0006235194159671664
471,47100.0,2.70100736618042,0.0007272957591339946,1.8980719573846727e-07,2.4451435820083134e-05,0.00011582004663068801,0.0006228930433280766
472,47200.0,2.6017093658447266,0.03385204076766968,3.224530928491731e-06,0.0013465873198583722,0.00018412825011182576,0.0006222673109732568
473,47300.0,2.6534008979797363,0.007099618203938007,1.6113634728753823e-06,0.0002790551516227424,0.00012162833445472643,0.000621642277110368
474,47400.0,2.6485838890075684,0.0005225600907579064,9.96576829948026e-08,1.6246913219220005e-05,0.00011628760694293305,0.0006210178253240883
475,47500.0,2.73896861076355,0.005687996279448271,1.5819108512005187e-06,0.00022219211678020656,0.00013161188689991832,0.0006203940138220787
476,47600.0,2.723508834838867,0.004264092538505793,3.6762315858140937e-07,0.00016538487398065627,0.00012910339864902198,0.0006197707843966782
477,47700.0,2.588256359100342,0.005263995844870806,1.1728084245987702e-06,0.000205977339646779,0.00011338961485307664,0.0006191481370478868
478,47800.0,2.5971908569335938,0.015623391605913639,1.0212974302703515e-05,0.0006186366081237793,0.00014726359222549945,0.0006185262463986874
479,47900.0,2.5896637439727783,0.00305382302030921,6.883841479066177e-07,0.00011724433716153726,0.00012202600919408724,0.000617904937826097
480,48000.0,2.9190642833709717,0.0038871399592608213,1.2199560615044902e-06,0.00015069651999510825,0.00011850681039504707,0.0006172842113301158
481,48100.0,2.7487149238586426,0.006676609627902508,1.3370483884500572e-06,0.0002619716105982661,0.00012598243483807892,0.0006166641251184046
482,48200.0,2.658885955810547,0.004983745515346527,1.9476135548757156e-06,0.00019452636479400098,0.00011863893450936303,0.0006160446791909635
483,48300.0,2.7274279594421387,0.0018777884542942047,9.092957498069154e-07,7.001640187809244e-05,0.00012646902177948505,0.0006154258735477924
484,48400.0,2.8294951915740967,0.0009370974730700254,2.851452904906182e-07,3.325292345834896e-05,0.00010548923455644399,0.0006148076499812305
485,48500.0,2.83540415763855,0.011093375273048878,2.8008591925754445e-06,0.00043875336996279657,0.00012174108269391581,0.0006141900666989386
486,48600.0,2.9457693099975586,0.00028619589284062386,4.364092021091892e-08,6.676486918877345e-06,0.00011924010323127732,0.0006135731237009168
487,48700.0,2.65224289894104,0.003490644972771406,1.1640423736025696e-06,0.00013550944277085364,0.0001017447721096687,0.0006129567045718431
488,48800.0,2.5877742767333984,0.002406221814453602,3.496147087389545e-07,9.212263830704615e-05,0.00010280613059876487,0.0006123410421423614
489,48900.0,2.6499040126800537,0.009568535722792149,5.622414846584434e-06,0.00037808067281730473,0.00011089598410762846,0.0006117259035818279
490,49000.0,2.6009602546691895,0.005287810694426298,2.5790202471398516e-06,0.00020662808674387634,0.00011952964268857613,0.0006111113470979035
491,49100.0,2.7034077644348145,0.015176658518612385,1.0982829735439736e-05,0.0006022678571753204,0.00010897882020799443,0.0006104974891059101
492,49200.0,2.6897950172424316,0.0018607445526868105,3.975533786615415e-07,6.9209243520163e-05,0.00013011592091061175,0.0006098842131905258
493,49300.0,2.7101407051086426,0.00802529789507389,1.941729806276271e-06,0.0003161019121762365,0.00012080819578841329,0.0006092716357670724
494,49400.0,2.9580063819885254,0.005499270744621754,1.3770179521088721e-06,0.00021540996385738254,0.00011264505883445963,0.0006086595822125673
495,49500.0,2.954636812210083,0.012817052192986012,3.218566916984855e-06,0.0005082851275801659,0.00010670518531696871,0.0006080481107346714
496,49600.0,2.909031867980957,0.0015697081107646227,1.4528924907608598e-07,5.82224311074242e-05,0.00011400198854971677,0.0006074373377487063
497,49700.0,2.616842746734619,0.006249702535569668,1.283191181755683e-06,0.00024591066176071763,0.00010065264359582216,0.0006068271468393505
498,49800.0,2.6161797046661377,0.005479244980961084,1.7158956779894652e-06,0.00021462803124450147,0.00011182826710864902,0.0006062175962142646
499,49900.0,2.6653003692626953,0.0027329770382493734,1.2890374136986793e-06,0.00010532583837630227,9.854211384663358e-05,0.0006056086276657879
500,50000.0,2.6482937335968018,0.002256645355373621,5.181811957299942e-07,8.572589285904542e-05,0.00011297975288471207,0.0006050002994015813
501,50100.0,2.732534408569336,0.00020270577806513757,3.4466314247083574e-08,3.637164809333626e-06,0.000111742177978158,0.0006043925532139838
502,50200.0,2.6139872074127197,0.003083587624132633,1.244073132511403e-06,0.00011953184730373323,9.404754382558167e-05,0.0006037854473106563
503,50300.0,2.621117115020752,0.006704011466354132,2.7875239538843744e-06,0.0002631806128192693,0.00012170857371529564,0.0006031788070686162
504,50400.0,2.7484934329986572,0.00634578475728631,1.915592974910396e-06,0.00024989768280647695,9.642679651733488e-05,0.0006025729817338288
505,50500.0,2.608797550201416,0.00183385843411088,2.3194932907699695e-07,6.936330464668572e-05,9.954396955436096e-05,0.0006019676802679896
506,50600.0,2.635133743286133,0.002757987240329385,5.251263246464077e-07,0.00010639453103067353,9.759884414961562e-05,0.0006013630190864205
507,50700.0,2.799489736557007,0.005058548878878355,2.4141934318322456e-06,0.00019721848366316408,0.00012567287194542587,0.0006007588817737997
508,50800.0,2.761242389678955,0.005208907648921013,2.4997043510666117e-06,0.0002037571684923023,0.00011247858492424712,0.0006001554429531097
509,50900.0,2.7822625637054443,0.005721903406083584,1.9615940800576936e-06,0.00022456448641605675,0.00010582969844108447,0.000599552528001368
510,51000.0,2.6467087268829346,0.0023312438279390335,2.858219829704467e-07,8.947469177655876e-05,9.409055928699672e-05,0.0005989503115415573
511,51100.0,2.696744918823242,0.0013740400318056345,6.433396038119099e-07,5.106738171889447e-05,9.671209409134462e-05,0.0005983486189506948
512,51200.0,2.591695785522461,0.0049177417531609535,1.0059111446025781e-06,0.00019204379350412637,0.00011564078158698976,0.0005977475084364414
513,51300.0,2.5885322093963623,0.00027425208827480674,6.559250920190607e-08,5.388864337874111e-06,0.00013946490071248263,0.0005971471546217799
514,51400.0,2.62097430229187,0.0029274423141032457,7.635481438228453e-07,0.00011293494753772393,0.0001033050793921575,0.0005965472082607448
515,51500.0,2.587756633758545,0.009085088036954403,1.2765175370077486e-06,0.000359312049113214,0.00010101076622959226,0.0005959480185993016
516,51600.0,2.594470739364624,0.006571079604327679,5.469661914503376e-07,0.00025764937163330615,0.00012929826334584504,0.0005953493528068066
517,51700.0,2.6024672985076904,0.0008009616867639124,2.657460242971865e-07,2.7508165658218786e-05,0.00011299186735413969,0.0005947513272985816
518,51800.0,2.589282751083374,0.004986549261957407,1.092978891392704e-06,0.00019581358355935663,9.011680231196806e-05,0.0005941538838669658
519,51900.0,2.5951850414276123,0.0027520940639078617,1.7259510514122667e-06,0.00010409217065898702,0.00014806386025156826,0.0005935570225119591
520,52000.0,2.5969605445861816,0.004985580686479807,1.085173948922602e-06,0.00019477990281302482,0.00011499829997774214,0.0005929608014412224
521,52100.0,2.7394070625305176,0.003919633571058512,7.721329779997177e-07,0.00015238006017170846,0.00010936010221485049,0.0005923651624470949
522,52200.0,2.653862237930298,0.0015371866757050157,2.575285407147021e-07,5.736751700169407e-05,0.00010274133819621056,0.0005917701637372375
523,52300.0,2.677530288696289,0.002220085822045803,1.2143777894380037e-06,8.485870057484135e-05,9.740366658661515e-05,0.0005911756306886673
524,52400.0,2.828662872314453,0.005468304734677076,1.5647295867893263e-06,0.00021430464403238147,0.00010912386642303318,0.0005905817961320281
525,52500.0,2.6821470260620117,0.003355404594913125,8.255323677985871e-07,0.00013002169725950807,0.00010403661144664511,0.0005899884854443371
526,52600.0,2.5900845527648926,0.005553825292736292,2.3196087113319663e-06,0.00021764721896033734,0.00011032544716726989,0.000589395931456238
527,52700.0,2.594670057296753,0.0009048740030266345,9.56865591206224e-08,3.170283162035048e-05,0.00011220754095120355,0.0005888037849217653
528,52800.0,2.671670913696289,0.005096696317195892,1.1414888376748422e-06,0.00019916618475690484,0.00011640036973403767,0.0005882123950868845
529,52900.0,2.6167609691619873,0.001814229879528284,1.6125723334425857e-07,6.858773849671707e-05,9.937519644154236e-05,0.000587621470913291
530,53000.0,2.8747289180755615,0.0022327208425849676,1.358428107778309e-06,8.577966946177185e-05,8.68707793415524e-05,0.0005870311870239675
531,53100.0,2.906485080718994,0.005619348492473364,1.5799313359821099e-06,0.00021981292229611427,0.000122445824672468,0.0005864414852112532
532,53200.0,2.7453367710113525,0.004872036166489124,1.5809034721314674e-06,0.00019118616182822734,9.080126619664952e-05,0.000585852365475148
533,53300.0,2.641339063644409,0.016974948346614838,2.9235488909762353e-06,0.0006742325494997203,0.00011621125304372981,0.0005852638860233128
534,53400.0,2.750814437866211,0.005223284009844065,1.4378050536834053e-06,0.00020466661953832954,0.00010518076305743307,0.0005846759304404259
535,53500.0,2.8091909885406494,0.00383636518381536,1.256831751561549e-06,0.0001500533107900992,8.377555786864832e-05,0.0005840886733494699
536,53600.0,2.8880136013031006,0.0027957926504313946,1.0947106829917175e-06,0.00010691233910620213,0.0001218893812620081,0.0005835018819198012
537,53700.0,2.8879809379577637,0.0019707968458533287,2.418576059426414e-06,7.543009269284084e-05,8.262597111752257e-05,0.0005829157889820635
538,53800.0,2.8148136138916016,0.0018650636775419116,4.3588215703493915e-07,7.045928214211017e-05,0.00010314570681657642,0.000582330278120935
539,53900.0,2.9369125366210938,0.003691911231726408,9.471721682530188e-07,0.00014395793550647795,9.201557259075344e-05,0.0005817452329210937
540,54000.0,2.938316583633423,0.006502884905785322,6.064040007913718e-07,0.00025649613235145807,8.98756188689731e-05,0.0005811608862131834
541,54100.0,2.829211473464966,0.0028186968993395567,6.742681648574944e-07,0.00010838549496838823,0.00010838518210221082,0.0005805771215818822
542,54200.0,2.5930581092834473,0.01322637777775526,7.131282018235652e-07,0.0005249222158454359,0.00010260922863380983,0.0005799938808195293
543,54300.0,2.6017134189605713,0.0011686452198773623,1.800794962036889e-07,4.284708484192379e-05,9.728805162012577e-05,0.0005794112221337855
544,54400.0,2.6884078979492188,0.0010119202779605985,2.3502761337113043e-07,3.642002775450237e-05,0.00010118453064933419,0.0005788292619399726
545,54500.0,2.975553512573242,0.010270178318023682,3.4043293908325722e-06,0.0004062686348333955,0.00011005772103089839,0.000578247825615108
546,54600.0,2.8881282806396484,0.0027116520795971155,5.012155384065409e-07,0.0001050281643983908,8.544664888177067e-05,0.0005776669131591916
547,54700.0,2.826029062271118,0.0023068164009600878,1.0264828915751423e-06,8.805652760202065e-05,0.00010437648597871885,0.0005770865827798843
548,54800.0,2.685343027114868,0.003739125095307827,6.042695872565673e-07,0.0001453311851946637,0.00010524137178435922,0.000576506950892508
549,54900.0,2.592524290084839,0.0038312929682433605,9.11240647383238e-07,0.00014944419672247022,9.427684562979266e-05,0.0005759278428740799
550,55000.0,2.71364164352417,0.005218756850808859,1.7602691286811023e-06,0.00020415049220900983,0.00011323433864163235,0.000575349316932261
551,55100.0,3.0011022090911865,0.0014580853749066591,4.672599516197806e-07,5.477072045323439e-05,8.835005428409204e-05,0.0005747713148593903
552,55200.0,2.5803513526916504,0.003124020528048277,1.2651953511522152e-06,0.00012115198478568345,9.395581582793966e-05,0.0005741938948631287
553,55300.0,2.5838730335235596,0.001857473631389439,8.979959602584131e-07,7.054115849314258e-05,9.30466630961746e-05,0.000573617173358798
554,55400.0,2.6070051193237305,0.001073344494216144,3.336483871407836e-07,3.917451613233425e-05,9.364801371702924e-05,0.0005730409175157547
555,55500.0,2.7106881141662598,0.004914906341582537,1.806713612495514e-06,0.0001931110891746357,8.532204083167017e-05,0.0005724653019569814
556,55600.0,2.8785643577575684,0.0027447461616247892,6.899707614138606e-07,0.00010538571223150939,0.00010941350774373859,0.0005718902684748173
557,55700.0,2.7505717277526855,0.010055447928607464,1.7233604694411042e-06,0.0003986847004853189,8.66070477059111e-05,0.0005713158170692623
558,55800.0,2.7862207889556885,0.0035342914052307606,5.785262260360469e-07,0.00013743984163738787,9.771664917934686e-05,0.0005707418313249946
559,55900.0,2.795502185821533,0.003736568847671151,9.95732307274011e-07,0.00014560330600943416,9.549036622047424e-05,0.0005701686022803187
560,56000.0,2.733471155166626,0.0026425649411976337,3.7957897802698426e-07,0.00010223311255685985,8.635769336251542e-05,0.0005695957806892693
561,56100.0,2.9984641075134277,0.004279583226889372,1.3211546274760622e-06,0.00016788265202194452,8.119609265122563e-05,0.0005690236575901508
562,56200.0,2.7844791412353516,0.0016609197482466698,7.492349709536938e-07,6.271131860557944e-05,9.238749771611765e-05,0.0005684520001523197
563,56300.0,2.655768632888794,0.006893775425851345,1.8898679172707489e-06,0.00027187104569748044,9.510952077107504e-05,0.0005678809829987586
564,56400.0,2.984008550643921,0.0013695490779355168,8.034785992094839e-07,5.144854367244989e-05,8.253196574514732e-05,0.0005673105479218066
565,56500.0,2.879354476928711,0.0107759153470397,1.9987610357929952e-06,0.0004235933884046972,0.00018408246978651732,0.0005667406367138028
566,56600.0,2.9972832202911377,0.0006630042335018516,2.8089149850529793e-07,2.210125239798799e-05,0.00011019201338058338,0.0005661713657900691
567,56700.0,3.0277671813964844,0.0027070639189332724,2.667132434908126e-07,0.00010485459642950445,8.543202420696616e-05,0.0005656026187352836
568,56800.0,3.1247398853302,0.001356023014523089,6.985411573623423e-07,5.04856179759372e-05,9.31840913835913e-05,0.0005650343955494463
569,56900.0,2.883756399154663,0.00743495486676693,1.801129428713466e-06,0.00029234238900244236,0.0001245942694367841,0.00056446687085554
570,57000.0,3.0480003356933594,0.003910562954843044,2.01644616026897e-06,0.0001529686851426959,8.43294765218161e-05,0.000563899870030582
571,57100.0,3.010000228881836,0.002823655027896166,1.5190133808573592e-06,0.00010938142804661766,8.760039054322988e-05,0.0005633333930745721
572,57200.0,2.806988477706909,0.0038292440585792065,1.2440032151062042e-06,0.00014962114801164716,8.747153333388269e-05,0.0005627674981951714
573,57300.0,2.9628546237945557,0.0035514887422323227,5.165823040442774e-07,0.00013856157602276653,8.693261770531535e-05,0.0005622021853923798
574,57400.0,2.8795056343078613,0.0029855072498321533,3.6236770029063337e-07,0.00011573031224543229,9.188711555907503e-05,0.0005616374546661973
575,57500.0,2.65854549407959,0.0035192109644412994,9.156455007541808e-07,0.00013757003762293607,7.90443446021527e-05,0.0005610731896013021
576,57600.0,2.627394199371338,0.007820670492947102,3.4152321859437507e-07,0.0003090103855356574,9.506873175268993e-05,0.000560509623028338
577,57700.0,2.777097463607788,0.0020089896861463785,6.824985803177697e-07,7.6773896580562e-05,8.895979408407584e-05,0.000559946580324322
578,57800.0,2.650207996368408,0.0014644728507846594,1.9883420065980317e-07,5.423350376076996e-05,0.00010843643394764513,0.0005593841196969151
579,57900.0,2.612978935241699,0.01852934993803501,6.839077741460642e-06,0.0007354600238613784,0.0001360105670755729,0.0005588221829384565
580,58000.0,2.7745769023895264,0.0030971660744398832,4.85230600588693e-07,0.00012067150237271562,7.989323057699949e-05,0.0005582608282566071
581,58100.0,2.9807074069976807,0.002707605715841055,1.758967755449703e-06,0.00010411383846076205,0.00010300080612068996,0.0005576999974437058
582,58200.0,2.7693564891815186,0.0032381247729063034,1.459992517993669e-06,0.00012590750702656806,8.897689258446917e-05,0.0005571398651227355
583,58300.0,2.693296432495117,0.0015582393389195204,3.207345855571475e-07,5.94395532971248e-05,7.192972407210618e-05,0.0005565801402553916
584,58400.0,2.8383750915527344,0.002344422275200486,6.094068112361128e-07,8.994381641969085e-05,9.521743777440861e-05,0.0005560210556723177
585,58500.0,2.7888948917388916,0.002549230819568038,3.3733968507476675e-07,9.857861732598394e-05,8.442805847153068e-05,0.000555462553165853
586,58600.0,2.597411870956421,0.0006339564570225775,1.9848828003432573e-07,2.2065232769818977e-05,8.212716784328222e-05,0.0005549045745283365
587,58700.0,2.6577651500701904,0.005555629730224609,3.2661885143170366e-06,0.0002171163505408913,0.00012445476022548974,0.0005543471779674292
588,58800.0,2.6184966564178467,0.0030140604358166456,1.3863937056157738e-06,0.00011676764552248642,9.34828058234416e-05,0.0005537902470678091
589,58900.0,2.6370601654052734,0.00575755862519145,6.52292499125906e-07,0.0002271352568641305,7.85251468187198e-05,0.00055323401466012
590,59000.0,2.644232988357544,0.000765046919696033,6.092658821899022e-08,2.6906949642580003e-05,9.231224976247177e-05,0.0005526782479137182
591,59100.0,2.714637517929077,0.005371133331209421,2.828133460752724e-07,0.00021071365335956216,0.00010300936992280185,0.0005521230632439256
592,59200.0,2.6471478939056396,0.00026106348377652466,3.440096207896204e-08,6.479066087194951e-06,9.905242768581957e-05,0.000551568460650742
593,59300.0,2.592061996459961,0.001964280381798744,4.833162279282988e-07,7.364794873865321e-05,0.0001225983287440613,0.0005510143819265068
594,59400.0,2.68100905418396,0.005412255879491568,2.3736081402603304e-06,0.00021231677965261042,0.00010196294169872999,0.0005504608270712197
595,59500.0,2.793504238128662,0.0016556390328332782,1.8575292415334843e-07,6.290790042839944e-05,8.275565778603777e-05,0.0005499079125002027
596,59600.0,2.8175551891326904,0.004060255363583565,1.1124222965008812e-06,0.00015923945466056466,7.815650315023959e-05,0.0005493555217981339
597,59700.0,2.865478992462158,0.003940181341022253,1.4956120821807417e-06,0.00015441907453350723,7.820883911335841e-05,0.0005488036549650133
598,59800.0,2.763101577758789,0.003251686692237854,5.937960168012069e-07,0.00012719385267701,7.124674448277801e-05,0.0005482524284161627
599,59900.0,2.623852491378784,0.0002306303649675101,7.113769129318825e-08,6.038241281203227e-06,7.960318180266768e-05,0.0005477016093209386
600,60000.0,2.792550563812256,0.0012903570896014571,2.813883099861414e-07,4.875659215031192e-05,7.116092456271872e-05,0.0005471514887176454
601,60100.0,2.684873342514038,0.00337481708265841,2.3741144161704142e-07,0.00013154024782124907,8.607327617937699e-05,0.0005466018337756395
602,60200.0,2.5925416946411133,0.0004689625056926161,8.274997043145049e-08,1.5828576579224318e-05,7.316535629797727e-05,0.0005460527609102428
603,60300.0,2.745224714279175,0.005645309574902058,6.106350838308572e-07,0.00022211029136087745,9.19421436265111e-05,0.0005455042119137943
604,60400.0,2.582360029220581,0.0014871838502585888,4.0424032476948923e-07,5.560901263379492e-05,9.655430039856583e-05,0.0005449563032016158
605,60500.0,2.594587802886963,0.001477149548009038,4.608780557191494e-07,5.640513336402364e-05,6.656030745944008e-05,0.0005444088019430637
606,60600.0,2.5947329998016357,0.00886654481291771,1.8471021121513331e-06,0.00035106390714645386,8.809997962089255e-05,0.0005438619991764426
607,60700.0,2.6829373836517334,0.008921927772462368,3.1224992653733352e-06,0.00035328016383573413,8.680135215399787e-05,0.0005433156038634479
608,60800.0,2.626471519470215,0.002093108370900154,6.947796009626472e-07,8.086313755484298e-05,7.08353181835264e-05,0.0005427698488347232
609,60900.0,2.664306640625,0.005901452153921127,2.6537104531598743e-06,0.00023211493680719286,9.592472633812577e-05,0.0005422246758826077
610,61000.0,2.880650758743286,0.0007166658178903162,1.1968595003963856e-07,2.5615086997277103e-05,7.616896618856117e-05,0.0005416799685917795
611,61100.0,2.982145309448242,0.003879233030602336,7.674391326872865e-07,0.0001521933445474133,7.363194890785962e-05,0.0005411357851698995
612,61200.0,2.735703945159912,0.0015310222515836358,5.653911330227857e-07,5.7523022405803204e-05,9.238126949639991e-05,0.0005405922420322895
613,61300.0,2.751800298690796,0.00041482335655018687,5.362353405757858e-08,1.3531393051380292e-05,7.648491009604186e-05,0.0005400492227636278
614,61400.0,2.809769868850708,0.0011434352491050959,4.4550154143507825e-07,4.297825580579229e-05,6.853335071355104e-05,0.0005395067273639143
615,61500.0,2.8180501461029053,0.0014998980332165956,6.222098249963892e-07,5.7007222494576126e-05,7.40952164051123e-05,0.000538964697625488
616,61600.0,2.733029842376709,0.0008173321839421988,9.289064450967999e-08,2.9719471058342606e-05,7.425247895298526e-05,0.0005384233081713319
617,61700.0,2.597501754760742,0.0009537148871459067,1.983558775009442e-07,3.503752304823138e-05,7.757840648991987e-05,0.0005378825007937849
618,61800.0,2.7383177280426025,0.001349336584098637,4.5661781200578844e-07,5.098043038742617e-05,7.436929445248097e-05,0.0005373421590775251
619,61900.0,2.750802755355835,0.0035140092950314283,4.4869528892377275e-07,0.000137711685965769,7.076834299368784e-05,0.0005368023994378746
620,62000.0,2.637416362762451,0.004734063055366278,7.478686825379555e-07,0.00018619663023855537,7.83994619268924e-05,0.0005362632218748331
621,62100.0,2.7359819412231445,0.005739014595746994,1.1114980225102045e-06,0.00022648640151601285,7.574308256153017e-05,0.000535724509973079
622,62200.0,2.6563191413879395,0.0031461764592677355,1.215177690028213e-06,0.00012314965715631843,6.621988723054528e-05,0.000535186321940273
623,62300.0,2.717362403869629,0.0042190756648778915,3.0603075629187515e-06,0.00016571313608437777,7.318719872273505e-05,0.0005346486577764153
624,62400.0,2.7483408451080322,0.004590814933180809,1.2506388884503394e-06,0.0001807607477530837,7.054542220430449e-05,0.0005341115756891668
625,62500.0,2.7484543323516846,0.0011947567109018564,4.047650747907028e-07,4.4628257455769926e-05,7.86455420893617e-05,0.0005335750756785274
626,62600.0,2.7084743976593018,0.0009081370662897825,1.2523014447651803e-07,3.3408214221708477e-05,7.280650606844574e-05,0.0005330391577444971
627,62700.0,2.6300530433654785,0.005747539456933737,1.1858763855343568e-06,0.0002273429126944393,6.278027285588905e-05,0.0005325037054717541
628,62800.0,2.6326727867126465,0.00782809779047966,8.972237992566079e-07,0.00030873410287313163,0.00010884847142733634,0.0005319687770679593
629,62900.0,2.6222264766693115,0.0009873858653008938,2.283107534140072e-07,3.6877227103104815e-05,6.522687908727676e-05,0.0005314343725331128
630,63000.0,2.621958017349243,0.0029709325172007084,5.355606731427542e-07,0.00011573397205211222,7.704755262238905e-05,0.0005309005500748754
631,63100.0,2.7881178855895996,0.003922971431165934,8.049697726164595e-07,0.00015428969345521182,6.492368265753612e-05,0.0005303672514855862
632,63200.0,2.7660655975341797,0.0010749157518148422,2.0880671058876032e-07,4.054933015140705e-05,6.097367804613896e-05,0.0005298344767652452
633,63300.0,2.8199074268341064,0.0024634033907204866,2.4040607513597934e-06,9.535520075587556e-05,7.711922080488876e-05,0.0005293022841215134
634,63400.0,2.882885217666626,0.007653955370187759,3.582208591978997e-06,0.0003024861216545105,8.822006930131465e-05,0.0005287705571390688
635,63500.0,2.668829917907715,0.0052763125859200954,1.0657413440640084e-06,0.0002080999402096495,7.274853851413354e-05,0.0005282393540255725
636,63600.0,2.652501106262207,0.0012354559730738401,1.801513690224965e-06,4.648858885047957e-05,7.143979019019753e-05,0.0005277087329886854
637,63700.0,2.602684259414673,0.005415606778115034,3.0299231639219215e-06,0.0002139892749255523,6.284449773374945e-05,0.0005271786940284073
638,63800.0,2.670557975769043,0.0029944111593067646,3.3107548347288684e-07,0.00011654496483970433,8.04560913820751e-05,0.0005266490625217557
639,63900.0,2.586501359939575,0.0011190199293196201,1.9588840416417952e-07,4.201951014692895e-05,6.833625957369804e-05,0.0005261200130917132
640,64000.0,2.586836338043213,0.002731219632551074,2.2702336082147667e-06,0.00010634877980919555,7.022984937066212e-05,0.0005255915457382798
641,64100.0,2.692335367202759,0.0025506848469376564,1.0400831342849415e-06,9.901104203891009e-05,7.436863234033808e-05,0.0005250635440461338
642,64200.0,2.5910396575927734,0.0026550223119556904,7.084881872287951e-07,0.00010316596308257431,7.51647530705668e-05,0.0005245361244305968
643,64300.0,2.714304208755493,0.0005880053504370153,2.2003210631282855e-07,2.0599753042915836e-05,7.279148849193007e-05,0.0005240091704763472
644,64400.0,2.613966464996338,0.009970118291676044,5.32558669874561e-06,0.00039514145464636385,8.625596092315391e-05,0.0005234827985987067
645,64500.0,2.589954376220703,0.0008877007057890296,7.864484814490424e-07,3.284569538664073e-05,6.577184103662148e-05,0.0005229570087976754
646,64600.0,2.6732726097106934,0.005394752603024244,6.127214646767243e-07,0.00021239685884211212,8.421800885116681e-05,0.0005224316846579313
647,64700.0,2.5918750762939453,0.003990004304796457,6.896147510815354e-07,0.00015708479622844607,6.219444912858307e-05,0.0005219068843871355
648,64800.0,2.7630536556243896,0.0058075739070773125,7.264187615874107e-07,0.0002297482278663665,6.314189522527158e-05,0.0005213826079852879
649,64900.0,3.0037503242492676,0.004166882950812578,8.298685543195461e-07,0.00016416091239079833,6.203012890182436e-05,0.0005208588554523885
650,65000.0,3.1012322902679443,0.0018422174034640193,2.056997914223757e-07,7.093606836861e-05,6.860993016744033e-05,0.0005203356267884374
651,65100.0,3.215839147567749,0.0005206239875406027,8.815008101237254e-08,1.8076321794069372e-05,6.862784357508644e-05,0.0005198129219934344
652,65200.0,2.977306365966797,0.0013206680305302143,1.285132213979523e-07,5.0166348955826834e-05,6.638079503318295e-05,0.0005192907410673797
653,65300.0,3.0036685466766357,0.0023306061048060656,6.706964086333755e-07,8.959878323366866e-05,8.996570250019431e-05,0.0005187690840102732
654,65400.0,2.924811363220215,0.0032705958001315594,4.486270768211398e-07,0.00012771901674568653,7.717169501120225e-05,0.0005182480672374368
655,65500.0,2.9727323055267334,0.00047173298662528396,1.619193028545851e-07,1.5375610018963926e-05,8.718081517145038e-05,0.0005177273997105658
656,65600.0,2.8747658729553223,0.0016995711484923959,8.879419510776643e-07,6.517308065667748e-05,6.935623241588473e-05,0.000517207314260304
657,65700.0,2.941314697265625,0.0012572071282193065,3.5490589311848453e-07,4.767233258462511e-05,6.504393968498334e-05,0.0005166877526789904
658,65800.0,3.0831212997436523,0.002957801101729274,1.3109713563608238e-06,0.00011549024929990992,6.923382898094133e-05,0.0005161687731742859
659,65900.0,3.131700277328491,0.0023431095760315657,1.2427177580320858e-06,9.067925566341728e-05,7.48855309211649e-05,0.0005156503175385296
660,66000.0,3.1384692192077637,0.0021890972275286913,4.7589276164217154e-07,8.458079537376761e-05,7.410141552099958e-05,0.0005151322693563998
661,66100.0,3.0456290245056152,0.0012706263223662972,2.553870785959589e-07,4.8618443543091416e-05,5.490989497047849e-05,0.000514614803250879
662,66200.0,2.8498172760009766,0.004278890788555145,5.255707264950615e-07,0.00016830425010994077,7.075854955473915e-05,0.0005140978610143065
663,66300.0,2.793820858001709,0.00192300695925951,9.556040367897367e-07,7.435421866830438e-05,6.319580279523507e-05,0.0005135814426466823
664,66400.0,2.71305775642395,0.004839101806282997,1.9331503153807716e-06,0.0001902618823805824,8.062167034950107e-05,0.0005130655481480062
665,66500.0,2.8292717933654785,0.002979833632707596,5.45700061138632e-07,0.00011612977687036619,7.604352867929265e-05,0.0005125501775182784
666,66600.0,2.9124181270599365,0.001580177340656519,1.8131372314655891e-07,6.060298255761154e-05,6.492154352599755e-05,0.0005120352725498378
667,66700.0,3.108067274093628,0.0002363767271162942,4.143178955473559e-08,6.586701601918321e-06,7.166775321820751e-05,0.0005115209496580064
668,66800.0,2.998687267303467,0.0022214408963918686,7.083728519319266e-07,8.629456715425476e-05,6.336837395792827e-05,0.0005110070924274623
669,66900.0,2.8668556213378906,0.0040857912972569466,4.932113029099128e-07,0.00016089896962512285,6.282353569986299e-05,0.0005104937590658665
670,67000.0,2.911951780319214,0.0036536874249577522,3.889999788952991e-06,0.0001433779689250514,6.534830754389986e-05,0.0005099810077808797
671,67100.0,2.8460869789123535,0.004755200818181038,7.102472636688617e-07,0.00018711588927544653,7.659314724151045e-05,0.0005094686639495194
672,67200.0,2.753891706466675,0.0030102403834462166,8.943064813138335e-07,0.00011770038690883666,6.683628453174606e-05,0.0005089569021947682
673,67300.0,2.8191025257110596,0.003140426240861416,5.481184075506462e-07,0.00012331023754086345,5.7122146245092154e-05,0.0005084456061013043
674,67400.0,2.9871420860290527,0.0039612604305148125,1.0178705451835413e-06,0.0001558461954118684,6.408777699107304e-05,0.0005079348920844495
675,67500.0,3.262235403060913,0.00196255324408412,7.245226356644707e-07,7.620129326824099e-05,5.6796459830366075e-05,0.0005074246437288821
676,67600.0,3.097860813140869,0.0031546931713819504,3.8407506508519873e-07,0.00012322211114224046,7.375632412731647e-05,0.0005069148610346019
677,67700.0,3.2805960178375244,0.00036685517989099026,8.743107571262954e-08,1.2309164958423935e-05,5.903864075662568e-05,0.0005064056604169309
678,67800.0,2.908018112182617,0.002627626759931445,6.085973609515349e-07,0.00010259774717269465,6.207445403560996e-05,0.0005058969836682081
679,67900.0,2.887153387069702,0.000184339820407331,1.7318988909664768e-08,4.687429282057565e-06,6.713678158121184e-05,0.0005053888307884336
680,68000.0,2.8735804557800293,0.0020735638681799173,3.188272899024014e-07,8.062805136432871e-05,5.7543835282558575e-05,0.0005048811435699463
681,68100.0,3.045823574066162,0.004721802193671465,1.1212667914151098e-06,0.0001850395929068327,9.469081851420924e-05,0.0005043739802204072
682,68200.0,2.9094536304473877,0.004834076389670372,3.907143479864317e-07,0.00019068682740908116,6.651483272435144e-05,0.0005038673407398164
683,68300.0,2.834120988845825,0.0021969631779938936,3.7607853187182627e-07,8.501064439769834e-05,7.132119935704395e-05,0.0005033611669205129
684,68400.0,2.8258745670318604,0.006376590114086866,1.0944991117867175e-06,0.00025246868608519435,6.377884710673243e-05,0.0005028555751778185
685,68500.0,2.6289401054382324,0.0036617021542042494,9.825943152463879e-07,0.0001441408967366442,5.719713226426393e-05,0.0005023503908887506
686,68600.0,2.678102731704712,0.001567060244269669,2.3745089094973082e-07,6.045222107786685e-05,5.551718641072512e-05,0.0005018457304686308
687,68700.0,2.832887649536133,0.0005683013587258756,7.101549925891959e-08,2.013109224208165e-05,6.495304114650935e-05,0.0005013416521251202
688,68800.0,2.6219427585601807,0.0009526169742457569,1.9170977338944795e-07,3.542473496054299e-05,6.680685328319669e-05,0.0005008380394428968
689,68900.0,2.600180149078369,0.0035337978042662144,5.462236458697589e-07,0.0001371566904708743,0.00010433417628519237,0.0005003350088372827
690,69000.0,2.676863193511963,0.0008688931120559573,2.782548449431488e-07,3.192270378349349e-05,7.054729212541133e-05,0.000499832327477634
691,69100.0,2.8544795513153076,0.0017178300768136978,4.7246868462025304e-07,6.63598912069574e-05,5.8360412367619574e-05,0.0004993302281945944
692,69200.0,3.250249147415161,0.0006920757004991174,2.7693329229805386e-07,2.5260058464482427e-05,6.029734140611254e-05,0.000498828652780503
693,69300.0,2.717879056930542,0.004233090672641993,1.978223963305936e-06,0.0001667718606768176,6.18158737779595e-05,0.0004983276012353599
694,69400.0,2.833726406097412,0.0005749274278059602,7.552625191920015e-08,2.033800228673499e-05,6.640182982664555e-05,0.0004978270153515041
695,69500.0,2.886911153793335,0.0019068487454205751,2.690799476567918e-07,7.394296699203551e-05,5.800561120850034e-05,0.0004973268951289356
696,69600.0,2.8178980350494385,0.003935056738555431,4.545063347904943e-07,0.00015465989417862147,6.810489139752463e-05,0.0004968272987753153
697,69700.0,2.818302631378174,0.0013274502707645297,1.0107469279319048e-06,5.065379082225263e-05,6.009473872836679e-05,0.0004963282262906432
698,69800.0,2.9124910831451416,0.0020520268008112907,7.382585067716718e-07,7.951274164952338e-05,6.346984446281567e-05,0.0004958296776749194
699,69900.0,2.810900926589966,0.0011811400763690472,5.521122261598066e-07,4.5066612074151635e-05,5.392260936787352e-05,0.0004953315947204828
700,70000.0,2.766942024230957,0.00037574913585558534,9.337122008901133e-08,1.2523962141131051e-05,6.255669723032042e-05,0.0004948340356349945
701,70100.0,3.107823133468628,0.002002754947170615,1.257727717529633e-06,7.747376366751269e-05,6.465303886216134e-05,0.0004943369422107935
702,70200.0,2.8935811519622803,0.0013344548642635345,2.791951771996537e-07,5.15085703227669e-05,4.646142406272702e-05,0.0004938403726555407
703,70300.0,2.865086078643799,0.004334894008934498,1.1144476275148918e-06,0.00017114645743276924,5.511869312613271e-05,0.0004933443269692361
704,70400.0,2.8624823093414307,0.0006640287465415895,1.4490184696569486e-07,2.425795901217498e-05,5.7434870541328564e-05,0.000492848688736558
705,70500.0,3.1080739498138428,0.0033354542683809996,9.309206916441326e-07,0.00013126572594046593,5.288017928251065e-05,0.0004923536325804889
706,70600.0,3.0907251834869385,0.0004657043900806457,2.3765360879224318e-07,1.666012940404471e-05,4.896348764305003e-05,0.0004918589838780463
707,70700.0,2.876824378967285,0.0038163531571626663,1.1333528391332948e-06,0.00014975496742408723,7.134566112654284e-05,0.0004913649754598737
708,70800.0,2.9504234790802,0.0011984208831563592,2.3684114580646565e-07,4.530915248324163e-05,6.545536598423496e-05,0.0004908713744953275
709,70900.0,3.204254388809204,0.0010206393199041486,1.0387959292756932e-07,3.857599222101271e-05,5.613573739537969e-05,0.0004903782973997295
710,71000.0,2.7252492904663086,0.001659590401686728,1.9970522657786205e-07,6.309487798716873e-05,8.201875607483089e-05,0.0004898856859654188
711,71100.0,2.8018574714660645,0.0037306989543139935,3.3452495245001046e-06,0.0001454680023016408,9.065353515325114e-05,0.0004893935984000564
712,71200.0,3.0007200241088867,0.004747247323393822,8.68637471285183e-07,0.00018762346007861197,5.579225762630813e-05,0.0004889019764959812
713,71300.0,2.818315029144287,0.010744120925664902,2.629270511533832e-06,0.00042439097887836397,0.0001317168935202062,0.0004884108784608543
714,71400.0,3.045391321182251,0.00270361197181046,4.019058224002947e-07,0.0001041563373291865,9.930146916303784e-05,0.0004879202460870147
715,71500.0,2.8127384185791016,0.003250305773690343,1.1893021110154223e-06,0.00012773327762261033,5.578451236942783e-05,0.00048743007937446237
716,71600.0,2.8295910358428955,0.003293439280241728,4.551740460101428e-07,0.00012966146459802985,5.144740134710446e-05,0.0004869404365308583
717,71700.0,2.7493693828582764,0.0019375053234398365,3.2385796089329233e-07,7.496344915125519e-05,6.309525633696467e-05,0.00048645128845237195
718,71800.0,2.6921772956848145,0.0011517294915392995,2.9535746648434724e-07,4.415534567669965e-05,4.75505948998034e-05,0.0004859626933466643
719,71900.0,2.9104394912719727,0.0038032038137316704,1.0568687685008626e-06,0.00014990672934800386,5.44788854313083e-05,0.0004854744765907526
720,72000.0,2.78027081489563,0.0005842869868502021,1.4353570065850363e-07,2.1246274627628736e-05,5.298662654240616e-05,0.00048498684191145003
721,72100.0,2.7398018836975098,0.000257939740549773,1.2346588107448042e-07,8.237804649979807e-06,5.187115675653331e-05,0.00048449961468577385
722,72200.0,2.7735490798950195,0.0008440159726887941,2.3085657119281677e-07,3.193469456164166e-05,4.54177352366969e-05,0.00048401294043287635
723,72300.0,2.8031139373779297,0.00997837446630001,4.2246998077644093e-07,0.0003962788905482739,7.097981142578647e-05,0.00048352673184126616
724,72400.0,2.674851894378662,0.001867495127953589,5.716060513805132e-07,7.25907739251852e-05,5.215420969761908e-05,0.00048304107622243464
725,72500.0,2.6677443981170654,0.0008740449557080865,2.207819562727309e-07,3.258550350437872e-05,5.918657188885845e-05,0.00048255579895339906
726,72600.0,2.600501537322998,0.000640128564555198,1.8081544794767979e-07,2.303562723682262e-05,6.405704334611073e-05,0.00048207107465714216
727,72700.0,2.6381607055664062,0.0011086086742579937,3.5058525327258394e-07,4.2039380787173286e-05,5.727353345719166e-05,0.00048158681602217257
728,72800.0,2.6013479232788086,0.0027198786847293377,1.8092289337801049e-06,0.00010642179404385388,5.752460492658429e-05,0.00048110305215232074
729,72900.0,2.597588539123535,0.00024478600244037807,5.672727709793435e-08,7.307181476789992e-06,6.204975943546742e-05,0.0004806197830475867
730,73000.0,2.602158784866333,0.0010564833646640182,3.4386505376460264e-07,3.961126640206203e-05,6.58577773720026e-05,0.000480136921396479
731,73100.0,2.706286907196045,0.0030751656740903854,7.0886517278268e-07,0.00012097113358322531,5.017815055907704e-05,0.00047965467092581093
732,73200.0,2.615907907485962,0.0006704680272378027,1.9378475712983345e-07,2.4689832571311854e-05,5.3028459660708904e-05,0.00047917282790876925
733,73300.0,2.7642173767089844,0.0011169768404215574,1.083749907593301e-07,4.2457206291146576e-05,5.543828592635691e-05,0.0004786915087606758
734,73400.0,2.7495367527008057,0.0014484938001260161,2.70780361688594e-07,5.575384057010524e-05,5.437704021460377e-05,0.00047821065527386963
735,73500.0,2.6185076236724854,0.0029839968774467707,9.679848744781339e-07,0.00011681322939693928,6.269817822612822e-05,0.00047773023834452033
736,73600.0,2.592277765274048,0.001532638561911881,3.6968100403100834e-07,5.922069976804778e-05,5.175135447643697e-05,0.0004772503743879497
737,73700.0,2.9640259742736816,0.00041512271855026484,9.135951728467262e-08,1.4523562640533783e-05,5.194229743210599e-05,0.0004767709178850055
738,73800.0,2.6088712215423584,0.0038970683235675097,9.806813068280462e-07,0.0001533980539534241,6.113616836955771e-05,0.0004762920143548399
739,73900.0,2.6769917011260986,0.0020643940661102533,3.267281556418311e-07,8.050612086663023e-05,5.141425208421424e-05,0.0004758135473821312
740,74000.0,2.5878970623016357,0.0005037137889303267,1.9867758282998693e-07,1.832996349548921e-05,4.5266031520441175e-05,0.00047533560427837074
741,74100.0,2.695991039276123,0.0022886800579726696,1.9717006694008887e-07,8.95835182745941e-05,4.889491538051516e-05,0.00047485806862823665
742,74200.0,2.651393413543701,0.0021010260097682476,5.856907137058442e-07,8.19390916149132e-05,5.1962877478217706e-05,0.0004743811150547117
743,74300.0,2.7140955924987793,0.0006808490143157542,1.3792011088753497e-07,2.522625982237514e-05,5.005463390261866e-05,0.0004739045398309827
744,74400.0,2.6858391761779785,0.00333552248775959,5.340697271094541e-07,0.00013080034113954753,6.497970025520772e-05,0.0004734285466838628
745,74500.0,2.7668957710266113,0.002710900502279401,4.259598540556908e-07,0.00010612535697873682,5.734078513341956e-05,0.0004729529027827084
746,74600.0,2.67799973487854,0.0022138350177556276,1.1865191709148348e-06,8.623808389529586e-05,5.669625534210354e-05,0.00047247784095816314
747,74700.0,2.6344501972198486,0.0010395357385277748,6.047088874083784e-08,3.922253745258786e-05,5.8911831729346886e-05,0.0004720032447949052
748,74800.0,2.8152365684509277,0.009638658724725246,1.3566982488555368e-06,0.0003830750356428325,6.0425823903642595e-05,0.00047152911429293454
749,74900.0,2.8171584606170654,0.005168645177036524,2.577435907369363e-06,0.0002022334811044857,0.00011023104889318347,0.0004710554494522512
750,75000.0,2.8205084800720215,0.0031813164241611958,5.910404752285103e-07,0.00012506502389442176,5.409974983194843e-05,0.00047058225027285516
751,75100.0,2.9057419300079346,0.0012653098674491048,3.546705897861102e-07,4.856168743572198e-05,5.091295315651223e-05,0.00047010951675474644
752,75200.0,2.7078089714050293,0.004222774412482977,2.072797769869794e-06,0.0001661266724113375,6.753481284249574e-05,0.00046963730710558593
753,75300.0,2.8245418071746826,0.0032685031183063984,1.1162774171680212e-06,0.0001288116764044389,4.709521817858331e-05,0.00046916556311771274
754,75400.0,2.8001694679260254,0.00042547372868284583,1.1337372995967598e-07,1.4941194422135595e-05,5.18305241712369e-05,0.0004686942556872964
755,75500.0,2.8484580516815186,0.00038240195135585964,9.643014209359535e-08,1.3353383110370487e-05,4.84709489683155e-05,0.00046822341391816735
756,75600.0,2.707451105117798,0.0028319302946329117,7.581340923934476e-07,0.00011104947043349966,5.493551361723803e-05,0.0004677530669141561
757,75700.0,2.7596664428710938,0.000380764773581177,1.5475802683795337e-07,1.3214519640314393e-05,5.0247032049810514e-05,0.00046728321467526257
758,75800.0,2.8008506298065186,0.0014548010658472776,2.3378699154363858e-07,5.62931782042142e-05,4.723780875792727e-05,0.00046681382809765637
759,75900.0,2.7593867778778076,0.002487430116161704,4.65404326632779e-07,9.736303763929754e-05,5.288860120344907e-05,0.000466344878077507
760,76000.0,2.664642810821533,0.0007455296581611037,1.0238669290174585e-07,2.791542465274688e-05,4.754162728204392e-05,0.000465876393718645
761,76100.0,3.0646352767944336,0.0015664013335481286,1.3250723895907868e-07,6.081286846892908e-05,4.59471411886625e-05,0.00046540843322873116
762,76200.0,2.74863338470459,0.0021323501132428646,3.171296896198328e-07,8.346910180989653e-05,4.530525620793924e-05,0.0004649409092962742
763,76300.0,2.5955333709716797,0.002258732682093978,5.533939315682801e-07,8.841308590490371e-05,4.7852019633864984e-05,0.000464473880128935
764,76400.0,2.593500852584839,0.0020560859702527523,8.975393370747042e-07,8.002499089343473e-05,5.4563650337513536e-05,0.0004640073166228831
765,76500.0,2.596635580062866,0.006764587480574846,6.356798962769972e-07,0.0002682663325686008,5.729363329010084e-05,0.0004635411605704576
766,76600.0,2.6433117389678955,0.00141141377389431,1.014739154925337e-06,5.38115382369142e-05,6.511050014523789e-05,0.00046307555749081075
767,76700.0,2.5970206260681152,0.003289265325292945,5.574839860855718e-07,0.0001296311675105244,4.792858817381784e-05,0.0004626103909686208
768,76800.0,2.5966053009033203,0.0013031952548772097,1.9955949426275765e-07,5.0074206228600815e-05,5.114055602462031e-05,0.0004621456901077181
769,76900.0,2.601593255996704,0.0002990688954014331,4.228817118701045e-08,1.0211902008450124e-05,4.3729072785936296e-05,0.00046168145490810275
770,77000.0,2.600830316543579,0.0011058173840865493,2.436681540984864e-07,4.210014230920933e-05,5.307017272571102e-05,0.0004612176271621138
771,77100.0,3.278120517730713,0.0015645066741853952,4.538097471140645e-07,6.055608537280932e-05,5.015079295844771e-05,0.0004607543523889035
772,77200.0,2.604766368865967,0.0019405094208195806,1.6720328233077453e-07,7.559575169580057e-05,5.044847057433799e-05,0.0004602914850693196
773,77300.0,2.618206024169922,0.0032693888060748577,1.1084395055149798e-06,0.0001286249898839742,5.2655552281066775e-05,0.00045982914161868393
774,77400.0,2.6033124923706055,0.0010979201178997755,3.6144521686765074e-07,4.1872288420563564e-05,5.0751532398862764e-05,0.00045936726382933557
775,77500.0,2.5890190601348877,0.0003501898318063468,1.6036216266002157e-07,1.2104487723263446e-05,4.741727389045991e-05,0.00045890582259744406
776,77600.0,2.7473134994506836,0.0029954169876873493,9.74316776591877e-07,0.00011758310574805364,5.4864893172634766e-05,0.00045844478881917894
777,77700.0,2.8812458515167236,0.0017485168064013124,1.2519292340584798e-06,6.810575723648071e-05,4.4620930566452444e-05,0.00045798427890986204
778,77800.0,2.8873560428619385,0.0016056215390563011,1.1490142526326963e-07,6.230105645954609e-05,4.798020017915405e-05,0.00045752423466183245
779,77900.0,2.9372236728668213,0.0032020551152527332,1.0580811959925995e-07,0.00012617766333278269,4.750802690978162e-05,0.00045706465607509017
780,78000.0,2.679241418838501,0.0021373406052589417,1.8406151980343566e-07,8.3606930274982e-05,4.698305929196067e-05,0.0004566054849419743
781,78100.0,3.1114068031311035,0.00018796884978655726,1.1166100222226305e-07,5.601733846560819e-06,4.78138608741574e-05,0.0004561468376778066
782,78200.0,2.7131741046905518,0.0006644758977927268,4.432167486356775e-07,2.4761127860983834e-05,4.500452632782981e-05,0.0004556886269710958
783,78300.0,2.7988128662109375,0.004034007433801889,9.939597021002555e-07,0.0001589658932061866,5.886607323191129e-05,0.00045523085282184184
784,78400.0,2.7745769023895264,0.006561857182532549,1.588173631716927e-06,0.00025990005815401673,6.276758358580992e-05,0.00045477357343770564
785,78500.0,2.787705898284912,0.0010107670677825809,3.9421152564500517e-07,3.857782212435268e-05,4.59273396700155e-05,0.00045431670150719583
786,78600.0,2.8130736351013184,0.00021220163034740835,4.970418032712587e-08,6.66168989482685e-06,4.560967136058025e-05,0.0004538603243418038
787,78700.0,2.7118353843688965,0.0019251368939876556,1.5244637552314089e-06,7.529827416874468e-05,4.1155595681630075e-05,0.0004534044419415295
788,78800.0,2.590475082397461,0.004655313212424517,7.70948133776983e-07,0.00018406279559712857,5.297202369547449e-05,0.00045294896699488163
789,78900.0,2.772613286972046,0.003064086427912116,1.5154888615143136e-06,0.00012051732483087108,4.963782339473255e-05,0.00045249401591718197
790,79000.0,2.69002366065979,0.003912827465683222,4.416345120716869e-07,0.00015482316666748375,4.1807001252891496e-05,0.00045203944318927824
791,79100.0,2.9194254875183105,0.002655091928318143,1.5155433175095823e-06,0.00010401337203802541,5.324207813828252e-05,0.00045158533612266183
792,79200.0,2.9555702209472656,0.0016088233096525073,4.3994845100314706e-07,6.235551700228825e-05,4.949543290422298e-05,0.0004511317238211632
793,79300.0,3.0332775115966797,0.002549258293583989,1.4395071730177733e-06,0.00010020351328421384,4.2730967834359035e-05,0.0004506785480771214
794,79400.0,2.7407445907592773,0.0009081679163500667,2.7716839667846216e-07,3.4453281841706485e-05,4.6558674512198195e-05,0.0004502258379943669
795,79500.0,2.708950996398926,0.0015942619647830725,7.092062332958449e-07,6.192443834152073e-05,4.5441771362675354e-05,0.0004497735353652388
796,79600.0,2.587879180908203,0.0005385875119827688,7.637560628381834e-08,1.9543653252185322e-05,4.991981404600665e-05,0.0004493217566050589
797,79700.0,2.589020252227783,0.0014049757737666368,4.579110566282907e-07,5.418323780759238e-05,4.993698894395493e-05,0.0004488703852985054
798,79800.0,2.5899605751037598,0.0006113343988545239,7.412216973534669e-08,2.256805237266235e-05,4.7058998461579904e-05,0.00044841953786090016
799,79900.0,2.588418483734131,0.0020776940509676933,8.780387474871532e-07,8.125910244416445e-05,4.5338321797316894e-05,0.0004479690396692604
800,80000.0,2.5861785411834717,0.0016078385524451733,4.3291976226100815e-07,6.2532679294236e-05,4.40885778516531e-05,0.0004475190653465688
801,80100.0,2.705509901046753,0.0007533896714448929,4.7181387685668597e-07,2.842135108949151e-05,4.238409746903926e-05,0.0004470695275813341
802,80200.0,2.81748366355896,0.0015088542131707072,4.809926963389444e-07,5.8592904679244384e-05,4.3550669943215325e-05,0.00044662042637355626
803,80300.0,2.8759169578552246,0.0022617040667682886,4.265607458364684e-07,8.867919677868485e-05,4.429764157976024e-05,0.0004461717908270657
804,80400.0,2.868199348449707,0.0013388830702751875,3.47922991750238e-07,5.173848330741748e-05,4.507298945100047e-05,0.00044572362094186246
805,80500.0,2.6061782836914062,0.003683278104290366,3.675448283502192e-07,0.00014529981126543134,5.0415328587405384e-05,0.00044527582940645516
806,80600.0,2.6041364669799805,0.0016818500589579344,5.640188760480669e-07,6.527903315145522e-05,4.931013609166257e-05,0.0004448285326361656
807,80700.0,2.5913095474243164,0.0016247795429080725,3.4614222954587603e-07,6.306960858637467e-05,4.7693218220956624e-05,0.00044438173063099384
808,80800.0,2.589456796646118,0.00365821341983974,4.187354250007047e-07,0.00014422752428799868,5.210682866163552e-05,0.000443935306975618
809,80900.0,2.5932233333587646,0.0006944047636352479,2.238369773976956e-07,2.5795730834943242e-05,4.9287675210507587e-05,0.0004434894071891904
810,81000.0,2.5911192893981934,0.0033507896587252617,8.104344715320622e-07,0.00013102391676511616,7.43813143344596e-05,0.00044304385664872825
811,81100.0,2.698058843612671,9.016287367558107e-05,2.3988231845351038e-08,1.9438625713519286e-06,4.1542323742760345e-05,0.0004425988008733839
812,81200.0,2.5883893966674805,0.0006027117487974465,3.620533561843331e-07,2.258980748592876e-05,3.760454637813382e-05,0.0004421542107593268
813,81300.0,2.6263504028320312,0.0007006445666775107,2.4687332711437193e-07,2.6416066248202696e-05,3.999606633442454e-05,0.00044171008630655706
814,81400.0,2.683049440383911,0.00019178350339643657,5.127418134520667e-08,6.004812348692212e-06,4.161190736340359e-05,0.00044126634020358324
815,81500.0,2.663743019104004,0.0028466773219406605,9.004543812807242e-07,0.00011162114242324606,5.524830339709297e-05,0.00044082305976189673
816,81600.0,2.6809630393981934,0.0009683413081802428,3.464602400526928e-07,3.7200559745542705e-05,3.798082980210893e-05,0.00044038030318915844
817,81700.0,2.586639881134033,0.0007041255594231188,2.0292405622512888e-07,2.6086398065672256e-05,5.176269041839987e-05,0.0004399378667585552
818,81800.0,2.650696039199829,0.0017471809405833483,2.2005190203344682e-07,6.821592978667468e-05,4.156273280386813e-05,0.00043949601240456104
819,81900.0,2.8812062740325928,0.0004856328887399286,6.297980092995203e-08,1.774491283867974e-05,4.1947092540794984e-05,0.00043905447819270194
820,82000.0,2.6505398750305176,0.00447097048163414,6.216563406269415e-07,0.00017677251889836043,5.10359022882767e-05,0.0004386134387459606
821,82100.0,2.770260810852051,0.001206945045851171,2.836662531535694e-07,4.587580406223424e-05,5.976620377623476e-05,0.00043817280675284564
822,82200.0,2.785384178161621,0.001651216996833682,6.505428018499515e-07,6.39455029158853e-05,5.192888420424424e-05,0.0004377326986286789
823,82300.0,2.881678342819214,0.003013823414221406,1.910188530018786e-06,0.00011851135786855593,4.9129277613246813e-05,0.0004372929979581386
824,82400.0,2.7644476890563965,0.005307738669216633,2.2012261524650967e-06,0.00021029042545706034,4.827679367735982e-05,0.0004368537338450551
825,82500.0,3.0331645011901855,0.002543254289776087,7.064811597956577e-07,9.99561816570349e-05,4.3643362005241215e-05,0.00043641484808176756
826,82600.0,2.600320339202881,0.0028408626094460487,4.145607022110198e-07,0.00011182507296325639,4.4821084884461015e-05,0.0004359764570835978
827,82700.0,2.5914783477783203,0.0030695651657879353,1.927546691149473e-06,0.00012070230150129646,5.0080085202353075e-05,0.0004355385317467153
828,82800.0,2.5962562561035156,0.0030530004296451807,5.551371486944845e-07,0.00011997432739008218,5.3087362175574526e-05,0.00043510101386345923
829,82900.0,2.5932211875915527,0.0015317315701395273,2.0345338214156072e-07,5.949391197646037e-05,4.4180349505040795e-05,0.00043466393253766
830,83000.0,2.611278533935547,0.0019080268684774637,5.416423505266721e-07,7.446633389918134e-05,4.582691690302454e-05,0.0004342272877693176
831,83100.0,2.7274887561798096,0.0017793969018384814,2.3244489000262547e-07,6.94749178364873e-05,4.229153273627162e-05,0.00043379110866226256
832,83200.0,2.703460454940796,0.0022421765606850386,8.693044151186768e-07,8.792308653937653e-05,4.3229800212429836e-05,0.00043335536611266434
833,83300.0,2.672149896621704,0.00033371837344020605,1.6403235747475264e-07,1.1736677151930053e-05,4.013740908703767e-05,0.000432920060120523
834,83400.0,2.686732292175293,0.0013539346400648355,1.0783521702251164e-06,5.252161645330489e-05,3.981595364166424e-05,0.00043248519068583846
835,83500.0,2.768772840499878,0.003203942906111479,8.217751883421442e-07,0.0001265098253497854,4.037566759507172e-05,0.0004320506996009499
836,83600.0,2.7447946071624756,0.0004426494997460395,2.4929084929681267e-07,1.615283326827921e-05,3.857937554130331e-05,0.00043161670328117907
837,83700.0,2.839686870574951,0.001268979744054377,6.56938652809913e-07,4.8795260227052495e-05,4.8441306716995314e-05,0.00043118311441503465
838,83800.0,2.749938488006592,0.0035674897953867912,5.781129743809288e-07,0.00014116178499534726,3.786709203268401e-05,0.00043074999121017754
839,83900.0,2.628136157989502,0.0005429950542747974,9.410071299953415e-08,1.9920787963201292e-05,4.488123886403628e-05,0.0004303173045627773
840,84000.0,2.694232702255249,0.0018213802250102162,2.784253467780218e-07,7.095642649801448e-05,4.7191042540362105e-05,0.00042988505447283387
841,84100.0,2.8294289112091064,0.002315350342541933,2.7548693992685003e-07,9.076936112251133e-05,4.5840770326321945e-05,0.0004294531827326864
842,84200.0,2.799375534057617,0.0010624893475323915,6.315692502312231e-08,4.0966671804198995e-05,3.82593680114951e-05,0.00042902183486148715
843,84300.0,2.6242430210113525,0.002115009119734168,1.510219362899079e-07,8.253884880105034e-05,5.138696724316105e-05,0.00042859086534008384
844,84400.0,2.7302849292755127,0.0004309806099627167,1.5796052821315243e-07,1.5845862435526215e-05,3.467610076768324e-05,0.0004281603323761374
845,84500.0,2.6245899200439453,0.0028399538714438677,1.2104013649150147e-06,0.00011210415686946362,3.613950320868753e-05,0.0004277302068658173
846,84600.0,2.6008708477020264,0.002215745160356164,3.6381240420269023e-07,8.670100942254066e-05,4.785612327395938e-05,0.00042730054701678455
847,84700.0,2.6143620014190674,0.003263097256422043,5.795892548121628e-07,0.0001290228101424873,3.694741099025123e-05,0.0004268712946213782
848,84800.0,2.5982680320739746,0.001344774616882205,2.092964308531009e-07,5.222447362029925e-05,3.895348709193058e-05,0.0004264425078872591
849,84900.0,2.6089015007019043,0.00021764087432529777,5.10286142230143e-08,7.128523975552525e-06,3.937673318432644e-05,0.00042601412860676646
850,85000.0,2.6470463275909424,0.0007256960961967707,1.5850800139105559e-07,2.745734127529431e-05,3.910407394869253e-05,0.0004255861567799002
851,85100.0,2.707303762435913,0.004367286805063486,1.0178883940170635e-06,0.00017165974713861942,7.477554026991129e-05,0.00042515870882198215
852,85200.0,2.593207836151123,0.0007620725664310157,4.31434479253312e-08,2.8976628527743742e-05,3.761372499866411e-05,0.0004247315810061991
853,85300.0,2.599461317062378,0.0016571044689044356,5.898677954974119e-07,6.468444189522415e-05,3.940353781217709e-05,0.00042430494795553386
854,85400.0,2.5947587490081787,0.00068993418244645,1.000701246312019e-07,2.6060384698212147e-05,3.832451329799369e-05,0.00042387875146232545
855,85500.0,2.5992658138275146,0.00032302227918989956,2.7603949348531387e-08,1.122457342717098e-05,4.238034671288915e-05,0.0004234529042150825
856,85600.0,2.600188732147217,0.0002595216210465878,3.742800913641986e-08,8.72848067956511e-06,4.127217471250333e-05,0.0004230275226291269
857,85700.0,2.676713466644287,0.004918805323541164,1.9180704384780256e-06,0.0001946491829585284,5.0658003601711243e-05,0.0004226026067044586
858,85800.0,2.597015380859375,0.00023492652690038085,7.258226730755268e-08,7.749517862976063e-06,4.1116003558272496e-05,0.0004221780691295862
859,85900.0,2.598090648651123,0.005691906437277794,6.447589271374454e-07,0.0002254894789075479,5.4024487326387316e-05,0.00042175399721600115
860,86000.0,2.6492066383361816,0.0016746844630688429,9.991061915570754e-07,6.538796151289716e-05,3.8986334402579814e-05,0.000421330303652212
861,86100.0,2.82552433013916,0.0027411766350269318,9.609138942323625e-07,0.00010752728121588007,5.203363252803683e-05,0.0004209070757497102
862,86200.0,2.6049225330352783,0.000303994253044948,4.1996592869963933e-08,1.0759968972706702e-05,3.4953027352457866e-05,0.0004204842553008348
863,86300.0,2.5972859859466553,0.0029091755859553814,4.4509079089039005e-07,0.00011456234642537311,4.4671902287518606e-05,0.00042006190051324666
864,86400.0,2.7955591678619385,0.0008450494497083127,5.064663923803892e-07,3.2247957278741524e-05,3.834408562397584e-05,0.0004196399240754545
865,86500.0,2.7666397094726562,0.0013297877740114927,6.523015372295049e-07,5.145105751580559e-05,4.2859071982093155e-05,0.0004192183550912887
866,86600.0,2.659229040145874,0.0015686842380091548,2.547017174947541e-07,6.129687972133979e-05,3.600751733756624e-05,0.00041879728087224066
867,86700.0,2.784816265106201,0.0007765315822325647,4.199797132287131e-08,2.935269549197983e-05,4.267216718290001e-05,0.0004183765850029886
868,86800.0,2.7635748386383057,0.0007792661781422794,3.168657087826432e-07,2.939860314654652e-05,4.398422970552929e-05,0.00041795632569119334
869,86900.0,2.8077776432037354,0.0010056101018562913,2.372118359517117e-07,3.826982720056549e-05,4.862712376052514e-05,0.00041753644472919405
870,87000.0,2.8649380207061768,0.0015794957289472222,1.8811624613590539e-07,6.183126970427111e-05,3.3525811886647716e-05,0.00041711702942848206
871,87100.0,3.0996358394622803,0.0016386541537940502,1.255210122508288e-07,6.403136649169028e-05,3.77444812329486e-05,0.000416697992477566
872,87200.0,2.943985939025879,0.00034804135793820024,4.557983146469269e-08,1.2548565791803412e-05,3.42816420015879e-05,0.00041627942118793726
873,87300.0,2.895240306854248,0.0010019438341259956,6.064533977223618e-07,3.8559286622330546e-05,3.735522841452621e-05,0.0004158612573519349
874,87400.0,2.948885202407837,0.0005734112928621471,1.2714536978819524e-07,2.1214278604020365e-05,4.292722587706521e-05,0.00041544355917721987
875,87500.0,2.8060944080352783,0.0030298081692308187,5.503265469997132e-07,0.00011941783304791898,4.381197868497111e-05,0.0004150262102484703
876,87600.0,2.83366060256958,0.002436123788356781,1.0362729199187015e-06,9.591118578100577e-05,3.7307963793864474e-05,0.0004146092978771776
877,87700.0,2.7835693359375,0.0018867577891796827,2.3641348434466636e-06,7.350233499892056e-05,4.683528823079541e-05,0.00041419282206334174
878,87800.0,2.649383068084717,0.0007635613437741995,2.919009887136781e-07,2.880730971810408e-05,4.308668212615885e-05,0.00041377678280696273
879,87900.0,2.6000843048095703,0.0024400181137025356,5.806264198326971e-07,9.590890840627253e-05,4.171463297097944e-05,0.00041336112190037966
880,88000.0,2.6187562942504883,0.0028969862032681704,1.163890715361049e-06,0.00011413668107707053,4.240531779942103e-05,0.000412945868447423
881,88100.0,3.0970616340637207,0.0007669157930649817,2.1921125892276905e-07,2.9167445973143913e-05,3.7510431866394356e-05,0.00041253105155192316
882,88200.0,3.07865047454834,0.001189030590467155,1.0268744432551102e-07,4.597363295033574e-05,3.958720117225312e-05,0.0004121166421100497
883,88300.0,2.8776800632476807,0.0017861361848190427,2.1787882076296228e-07,6.980793114053085e-05,4.072001684107818e-05,0.0004117026983294636
884,88400.0,2.865877151489258,0.004083794541656971,4.949819185640081e-07,0.0001615515211597085,4.451168206287548e-05,0.00041128910379484296
885,88500.0,2.9037258625030518,0.0022913608700037003,5.731732812819246e-07,8.98004145710729e-05,4.577731669996865e-05,0.00041087594581767917
886,88600.0,2.7331390380859375,0.0010460924822837114,2.1279780071381538e-07,4.049430935992859e-05,3.3521959267091006e-05,0.0004104632243979722
887,88700.0,2.615074872970581,0.0028220040258020163,2.976001042043208e-06,0.00011115780216641724,4.008295218227431e-05,0.0004100509104318917
888,88800.0,2.826951503753662,0.001154388184659183,3.825667533874366e-07,4.459183764993213e-05,3.920977178495377e-05,0.00040963900391943753
889,88900.0,2.903989315032959,0.0004204806173220277,1.586166433753533e-07,1.5305357010220177e-05,3.768807073356584e-05,0.00040922750486060977
890,89000.0,3.0801258087158203,0.0004348478396423161,9.739566309008296e-08,1.5889971109572798e-05,3.750119503820315e-05,0.00040881638415157795
891,89100.0,3.286308526992798,0.0025478797033429146,7.444965035574569e-07,0.00010028585529653355,3.9988553908187896e-05,0.00040840572910383344
892,89200.0,2.859828233718872,0.0013929781271144748,6.15194323927426e-07,5.4284137149807066e-05,3.525950887706131e-05,0.0004079954815097153
893,89300.0,2.838989734649658,0.0029012642335146666,7.036030638118973e-07,0.00011418294889153913,4.5986860641278327e-05,0.0004075856413692236
894,89400.0,2.9552001953125,0.0004913476877845824,1.799022442128262e-07,1.7904016203829087e-05,4.356735371402465e-05,0.00040717620868235826
895,89500.0,3.183513641357422,0.0008394147735089064,2.366890186067394e-07,3.1978212064132094e-05,3.9722752262605354e-05,0.00040676718344911933
896,89600.0,2.898270845413208,0.0023614761885255575,1.3032231436227448e-06,9.295462950831279e-05,3.6307465052232146e-05,0.0004063586238771677
897,89700.0,2.755730390548706,0.0011852949392050505,2.8686272912636923e-07,4.59797665826045e-05,3.551390182110481e-05,0.0004059503844473511
898,89800.0,2.739441156387329,0.00355494930408895,4.929857482238731e-07,0.00014040333917364478,4.4372951379045844e-05,0.00040554263978265226
899,89900.0,2.791451930999756,0.0002377426135353744,4.558920707609104e-08,8.07863580121193e-06,3.5731125535676256e-05,0.00040513521526008844
900,90000.0,2.9937713146209717,0.0020743818022310734,8.174815206984931e-07,8.126656757667661e-05,4.190013714833185e-05,0.00040472825639881194
901,90100.0,3.141721725463867,0.00013195420615375042,1.8650508692985568e-08,3.765608653338859e-06,3.7795336538692936e-05,0.00040432167588733137
902,90200.0,2.7634990215301514,0.005124383606016636,8.649277560834889e-07,0.00020342605421319604,3.786751767620444e-05,0.00040391553193330765
903,90300.0,2.7078659534454346,0.0028930807020515203,7.278023304024828e-07,0.00011425523553043604,3.597205795813352e-05,0.0004035097954329103
904,90400.0,2.650006055831909,0.002144521102309227,4.298658211610018e-07,8.43654852360487e-05,3.495418422971852e-05,0.0004031044663861394
905,90500.0,2.7861030101776123,0.0014928526943549514,4.581093264732772e-07,5.827589120599441e-05,3.5497381759341806e-05,0.00040269948658533394
906,90600.0,2.9545280933380127,0.0014039473608136177,2.848708220426488e-07,5.456900180433877e-05,3.943749106838368e-05,0.0004022949724458158
907,90700.0,2.954867124557495,0.0027417505625635386,4.525194299276336e-07,0.00010807042417582124,3.953737177653238e-05,0.00040189092396758497
908,90800.0,2.9572534561157227,0.0012876910623162985,3.4326669151596434e-07,5.0000828196061775e-05,3.732703044079244e-05,0.0004014871665276587
909,90900.0,3.168286085128784,0.0017888518050312996,3.263177461576561e-07,7.002123311394826e-05,3.799471232923679e-05,0.0004010839038528502
910,91000.0,3.11985445022583,0.0004577776708174497,1.0603451272572784e-07,1.6680693079251796e-05,4.065434040967375e-05,0.0004006809904240072
911,91100.0,3.0916976928710938,0.0022613804321736097,5.536225557989383e-07,8.896850340534002e-05,3.661414302769117e-05,0.0004002784553449601
912,91200.0,2.6055009365081787,0.00021853494399692863,1.1757872897533161e-07,7.381138402706711e-06,3.388890763744712e-05,0.0003998764150310308
913,91300.0,2.6436147689819336,0.00012210790009703487,2.0768707642560003e-08,3.5468849546305137e-06,3.341500632814132e-05,0.0003994746948592365
914,91400.0,2.8327481746673584,0.0011740204645320773,2.3586736119796115e-07,4.558020373224281e-05,3.427953561185859e-05,0.00039907341124489903
915,91500.0,2.5920870304107666,0.0009396390523761511,1.1868531402114968e-07,3.6419733078218997e-05,2.902707456087228e-05,0.00039867250598035753
916,91600.0,2.589589834213257,0.0015914406394585967,2.8958098141629307e-07,6.217314512468874e-05,3.68224827980157e-05,0.00039827206637710333
917,91700.0,2.63566517829895,0.0023682513274252415,1.4224864344214438e-06,9.310620225733146e-05,3.917374124284834e-05,0.00039787194691598415
918,91800.0,2.9219822883605957,0.00045124729513190687,6.50784883760025e-08,1.6485906598973088e-05,3.903455944964662e-05,0.0003974723513238132
919,91900.0,3.02832293510437,0.00256201159209013,8.762590368860401e-07,0.00010097987978952006,3.663818642962724e-05,0.00039707301766611636
920,92000.0,3.04252028465271,0.00024162320187315345,7.330348950063126e-08,8.044160495046526e-06,4.0445895137963817e-05,0.0003966741787735373
921,92100.0,2.986213445663452,0.001209028298035264,4.1996938193733513e-07,4.6633504098281264e-05,4.277061816537753e-05,0.00039627571823075414
922,92200.0,3.2019991874694824,0.0016248376341536641,3.432377582157642e-07,6.333999044727534e-05,4.0994753362610936e-05,0.00039587763603776693
923,92300.0,3.2461345195770264,0.00028248497983440757,1.2519279835032648e-07,9.719374247652013e-06,3.937541623599827e-05,0.0003954799612984061
924,92400.0,2.8155887126922607,0.00028712168568745255,8.609200108367077e-08,1.0086275324283633e-05,3.487869253149256e-05,0.0003950826940126717
925,92500.0,2.6932480335235596,0.0012705187546089292,3.593303574689344e-07,4.903835360892117e-05,4.420059849508107e-05,0.00039468580507673323
926,92600.0,2.5858423709869385,0.0016954578459262848,2.5324672492388345e-07,6.644179666182026e-05,3.415977698750794e-05,0.00039428932359442115
927,92700.0,2.589252233505249,0.002880238927900791,2.1662104643382918e-07,0.00011363966768840328,3.903086326317862e-05,0.00039389324956573546
928,92800.0,2.5875515937805176,0.001806440413929522,9.003539389595971e-07,7.070780702633783e-05,3.7844874896109104e-05,0.00039349758299067616
929,92900.0,2.585986375808716,0.0026220858562737703,1.4595398170058616e-06,0.00010309430217603222,4.3268730223644525e-05,0.0003931022947654128
930,93000.0,2.6678273677825928,0.0015734094195067883,5.568176675296854e-07,6.133994611445814e-05,3.935392669518478e-05,0.0003927073848899454
931,93100.0,2.918220281600952,0.002424666192382574,2.108709225012717e-07,9.56005314947106e-05,3.444198955548927e-05,0.0003923129406757653
932,93200.0,2.6059679985046387,9.630058775655925e-05,1.968137119945368e-08,2.508822490199236e-06,3.356034721946344e-05,0.0003919188166037202
933,93300.0,2.799701452255249,0.0016072600847110152,3.0027828756828967e-07,6.308464071480557e-05,2.9843906304449774e-05,0.0003915251581929624
934,93400.0,2.75227427482605,0.0011791647411882877,2.7699610427589505e-07,4.5880049583502114e-05,3.188654955010861e-05,0.00039113187813200057
935,93500.0,2.9040348529815674,0.002309296978637576,8.101250159597839e-07,9.026432962855324e-05,5.1878607337130234e-05,0.00039073891821317375
936,93600.0,2.898373603820801,0.001077450579032302,1.9251746152804117e-07,4.151586472289637e-05,3.9361439121421427e-05,0.00039034642395563424
937,93700.0,2.6658084392547607,0.0008040027460083365,2.3796833659162075e-07,3.065078999497928e-05,3.749507595784962e-05,0.00038995430804789066
938,93800.0,2.5923118591308594,0.0008637490100227296,1.0303204334149996e-07,3.314627974759787e-05,3.498897058307193e-05,0.00038956262869760394
939,93900.0,2.728578567504883,0.0022550257854163647,2.6021399435194326e-07,8.868263830663636e-05,3.7699483073083684e-05,0.0003891712985932827
940,94000.0,2.6109724044799805,0.000398676231270656,8.38625311416763e-08,1.4421492778637912e-05,3.8055051845731214e-05,0.00038878037594258785
941,94100.0,2.8506722450256348,0.00046411785297095776,1.0802330052683828e-07,1.718352359603159e-05,3.4421740565449e-05,0.00038838977343402803
942,94200.0,2.773470878601074,0.00011274465214228258,5.102313593852159e-08,2.946590711871977e-06,3.9028851460898295e-05,0.00038799966569058597
943,94300.0,2.611341953277588,0.0007841882179491222,2.437414536871074e-07,2.9846763936802745e-05,3.777538222493604e-05,0.0003876099071931094
944,94400.0,2.616422176361084,0.004617658443748951,1.1680325542329228e-06,0.00018314462795387954,3.7874808185733855e-05,0.0003872205561492592
945,94500.0,2.6155381202697754,0.005290965083986521,4.940229700878263e-07,0.00021020922577008605,3.524028943502344e-05,0.00038683158345520496
946,94600.0,2.623605966567993,0.0016883999342098832,2.0505136433257576e-07,6.58714197925292e-05,4.140934834140353e-05,0.00038644298911094666
947,94700.0,2.988755226135254,0.0005633343826048076,8.102722404146334e-08,2.1179430405027233e-05,3.376758468220942e-05,0.00038605480222031474
948,94800.0,2.9004390239715576,0.0035767967347055674,3.8403103985729103e-07,0.00014140787243377417,4.121586607652716e-05,0.00038566699367947876
949,94900.0,2.826472520828247,0.002275406615808606,5.607159891951596e-07,8.960185368778184e-05,3.479960287222639e-05,0.0003852795925922692
950,95000.0,2.806859254837036,0.003567988285794854,1.0816612530106795e-06,0.0001412953424733132,3.452286546234973e-05,0.0003848925407510251
951,95100.0,2.8420474529266357,0.0004303816531319171,1.1578596570416266e-07,1.6016725567169487e-05,2.9847753467038274e-05,0.0003845059545710683
952,95200.0,2.817788600921631,0.0012904294999316335,2.680989723558014e-07,5.026681537856348e-05,3.349104372318834e-05,0.0003841196885332465
953,95300.0,2.6441123485565186,0.001005579368211329,1.5103186967735382e-07,3.881654629367404e-05,3.501473111100495e-05,0.0003837338590528816
954,95400.0,2.7700889110565186,0.0031379086431115866,1.141858888331626e-06,0.00012411546777002513,3.3880231057992205e-05,0.0003833483497146517
955,95500.0,2.89980149269104,0.0003040699230041355,1.9378698823402374e-07,1.0811711945279967e-05,3.358334652148187e-05,0.0003829632478300482
956,95600.0,2.9864661693573,0.0011089888866990805,3.6708891570924607e-07,4.293220627005212e-05,3.531671973178163e-05,0.00038257858250290155
957,95700.0,2.9678425788879395,0.002509618643671274,2.4065531079031643e-07,9.874379611574113e-05,4.0783179429126903e-05,0.0003821942664217204
958,95800.0,2.90126633644104,0.0006524788332171738,1.8468097096047131e-07,2.4741024390095845e-05,3.3768512366805226e-05,0.00038181032869033515
959,95900.0,2.7890429496765137,0.00040256380452774465,5.011841963664665e-08,1.4743860447197221e-05,3.39171638188418e-05,0.0003814267984125763
960,96000.0,2.649172306060791,0.002758562797680497,8.465984819849837e-07,0.00010894714796449989,3.403744995011948e-05,0.00038104361738078296
961,96100.0,2.7459754943847656,0.000440797331975773,5.937292613111822e-08,1.6295725799864158e-05,3.3344818803016096e-05,0.000380660843802616
962,96200.0,2.591890811920166,0.000722559925634414,4.1478182311038836e-07,2.7406367735238746e-05,3.69859735656064e-05,0.000380278448574245
963,96300.0,2.5932352542877197,0.0024039163254201412,5.876983664165891e-07,9.424472955288365e-05,4.72102765343152e-05,0.00037989651900716126
964,96400.0,2.6002278327941895,0.00020115941879339516,6.985235501133502e-08,6.712833055644296e-06,3.3268741390202194e-05,0.00037951485137455165
965,96500.0,2.5870354175567627,0.0013495676685124636,2.2494945994822046e-07,5.245167631073855e-05,3.805081723839976e-05,0.0003791336202993989
966,96600.0,2.5870327949523926,8.373156742891297e-05,7.387016864868201e-08,1.9910114588128636e-06,3.388240293134004e-05,0.00037875279667787254
967,96700.0,2.590486764907837,0.0021240150090306997,5.386749535318813e-07,8.357888873433694e-05,3.400407513254322e-05,0.0003783722931984812
968,96800.0,2.5899417400360107,0.0005920582916587591,9.136001466458765e-08,2.231701000710018e-05,3.404161907383241e-05,0.0003779922262765467
969,96900.0,2.5944745540618896,0.0012340914690867066,3.6986574514230597e-07,4.782874748343602e-05,3.8002988731022924e-05,0.00037761253770440817
970,97000.0,2.588989019393921,0.0011713921558111906,5.363945660974423e-07,4.5601849706145003e-05,3.0809431336820126e-05,0.0003772331983782351
971,97100.0,2.699230194091797,0.0019036730518564582,1.9133705109197763e-07,7.482570799766108e-05,3.283904152340256e-05,0.00037685426650568843
972,97200.0,2.5932769775390625,7.888503751019016e-05,2.0485103391365556e-08,1.6772586377555854e-06,3.6933091905666515e-05,0.00037647568387910724
973,97300.0,2.5949034690856934,0.0012473284732550383,4.7612292064513895e-07,4.857660678680986e-05,3.24371358146891e-05,0.00037609750870615244
974,97400.0,2.601884365081787,0.00011474945495137945,2.1765988122979252e-08,3.1683227916801115e-06,3.5519624361768365e-05,0.00037571974098682404
975,97500.0,2.601658821105957,0.001137235900387168,2.711583988457278e-07,4.428855754667893e-05,2.9750841349596158e-05,0.00037534229340963066
976,97600.0,2.5982754230499268,0.0016472229035571218,1.8946701629829477e-06,6.416939868358895e-05,4.10932807426434e-05,0.00037496528238989413
977,97700.0,2.6266043186187744,0.0032539302483201027,3.7050585888209753e-07,0.00012874798267148435,3.486033165245317e-05,0.0003745885915122926
978,97800.0,2.9210188388824463,0.002182269236072898,9.311734743278066e-07,8.585738396504894e-05,3.4903754567494616e-05,0.0003742123080883175
979,97900.0,2.8634893894195557,0.0014986377209424973,2.6354047122367774e-07,5.877673174836673e-05,2.8955906600458547e-05,0.00037383640301413834
980,98000.0,2.937602996826172,0.004432606510818005,6.467338380389265e-07,0.00017581158317625523,3.667050987132825e-05,0.00037346084718592465
981,98100.0,2.967355489730835,0.002726467326283455,1.135136585617147e-06,0.00010751088848337531,3.756006481125951e-05,0.00037308569881133735
982,98200.0,2.833353281021118,0.0007109883008524776,2.4473004600622517e-07,2.7027448595617898e-05,3.505737186060287e-05,0.000372710928786546
983,98300.0,2.7476987838745117,8.059525134740397e-05,1.7676395458465777e-08,2.0126601611991646e-06,3.0261076972237788e-05,0.0003723365953192115
984,98400.0,2.6774187088012695,0.002300799125805497,4.50349745051426e-07,9.045316255651414e-05,3.901989839505404e-05,0.0003719625237863511
985,98500.0,2.67724871635437,0.001807010849006474,1.3187462855057674e-07,7.104186079232022e-05,3.0832525226287544e-05,0.0003715888597071171
986,98600.0,2.716257095336914,0.001569267944432795,2.0628779395792662e-07,6.130841939011589e-05,3.635113898781128e-05,0.00037121563218533993
987,98700.0,2.754502534866333,0.000630852417089045,1.398813367359253e-07,2.3587039322592318e-05,4.103655373910442e-05,0.0003708427248056978
988,98800.0,2.784290313720703,0.0005952545325271785,1.0615140411118773e-07,2.246545409434475e-05,3.351202030899003e-05,0.00037047022487968206
989,98900.0,2.8105900287628174,0.0008763241930864751,3.568132171949401e-07,3.363967334735207e-05,3.497552825137973e-05,0.00037009804509580135
990,99000.0,2.87577748298645,0.0026172467041760683,6.176241527100501e-07,0.00010336984269088134,3.2383013603975996e-05,0.0003697262436617166
991,99100.0,2.98127818107605,0.000867733673658222,3.9007792906886607e-07,3.3389740565326065e-05,3.260010635131039e-05,0.0003693548496812582
992,99200.0,2.878498077392578,0.0017552803037688136,3.5405645348873804e-07,6.898622814333066e-05,3.0270490242401138e-05,0.0003689838922582567
993,99300.0,2.7694199085235596,0.0005381460068747401,6.695315590832251e-08,1.963632894330658e-05,4.717081901617348e-05,0.00036861319676972926
994,99400.0,2.6622812747955322,0.0021780880633741617,5.414822226157412e-07,8.574226376367733e-05,3.3989974326686934e-05,0.0003682429378386587
995,99500.0,2.661609649658203,0.0023200749419629574,6.157521511340747e-06,9.031568333739415e-05,5.602530654869042e-05,0.0003678729699458927
996,99600.0,2.7315328121185303,0.0009229657589457929,4.336391441484011e-07,3.538564487826079e-05,3.789094989770092e-05,0.000367503467714414
997,99700.0,2.7962253093719482,0.003606492420658469,6.621332317990891e-07,0.00014278606977313757,3.617843321990222e-05,0.00036713428562507033
998,99800.0,2.653130292892456,0.003631972474977374,9.541587360217818e-07,0.00014395412290468812,3.216525510651991e-05,0.00036676551098935306
999,99900.0,2.6240224838256836,0.0009858215926215053,1.7018318487771467e-07,3.8122838304843754e-05,3.258047945564613e-05,0.0003663971147034317
1000,100000.0,2.5930190086364746,0.0008168269996531308,3.175352389916952e-07,3.152723002131097e-05,2.8328724511084147e-05,0.00036602900945581496
1001,100100.0,2.70355486869812,0.001197159755975008,3.215298818304291e-07,4.653978248825297e-05,3.334371285745874e-05,0.0003656613116618246
1002,100200.0,2.591066598892212,0.00041710236109793186,6.02880092515079e-08,1.542260179121513e-05,3.147704410366714e-05,0.00036529399221763015
1003,100300.0,2.6065151691436768,0.0005716827581636608,3.669830164199084e-07,2.156770642613992e-05,3.212309457012452e-05,0.0003649270802270621
1004,100400.0,2.875433921813965,0.0022747814655303955,9.21608204862423e-07,8.971811621449888e-05,3.090705649810843e-05,0.00036456045927479863
1005,100500.0,2.9971373081207275,0.002015139674767852,2.8718289968310273e-07,7.929339335532859e-05,3.2517837098566815e-05,0.000364194274879992
1006,100600.0,2.8608713150024414,0.0014248181832954288,2.127751713487669e-06,5.511997369467281e-05,4.4691179937217385e-05,0.0003638284106273204
1007,100700.0,2.924293041229248,0.0030420348048210144,9.883092388918158e-07,0.00011995881504844874,4.207609163131565e-05,0.00036346298293210566
1008,100800.0,2.776865243911743,0.0009568561217747629,2.149381401750361e-07,3.689727236633189e-05,3.420932262088172e-05,0.0003630978462751955
1009,100900.0,2.587646722793579,0.0012076294515281916,9.862964844842281e-08,4.699334022006951e-05,3.2697291317163035e-05,0.00036273308796808124
1010,101000.0,2.5898385047912598,0.000993772759102285,1.2777123004070745e-07,3.854266833513975e-05,3.007823215739336e-05,0.00036236870801076293
1011,101100.0,2.7922019958496094,0.0026154813822358847,5.294047014103853e-07,0.00010297633707523346,4.0543553041061386e-05,0.00036200470640324056
1012,101200.0,2.843961477279663,0.0022511323913931847,2.8549746389217034e-07,8.866954885888845e-05,3.4108183172065765e-05,0.0003616410540416837
1013,101300.0,2.621267318725586,0.0014522321289405227,1.2797549686638376e-07,5.6948458222905174e-05,2.839273656718433e-05,0.0003612777800299227
1014,101400.0,2.8067076206207275,0.00037606823025271297,2.1410191664017475e-07,1.383785274811089e-05,2.990783286804799e-05,0.0003609148843679577
1015,101500.0,2.819228172302246,0.0003345438453834504,9.253741950487893e-08,1.2034049177600536e-05,3.3600055758142844e-05,0.0003605523379519582
1016,101600.0,2.733201026916504,0.00018010492203757167,3.045577656735077e-08,5.9064650486106984e-06,3.241283047827892e-05,0.00036019014078192413
1017,101700.0,2.775594472885132,0.0008141780272126198,7.987422634414543e-08,3.1091098207980394e-05,3.682070382637903e-05,0.000359828321961686
1018,101800.0,2.856067419052124,0.000895557866897434,3.7357671089921496e-07,3.459848085185513e-05,3.0222268833313137e-05,0.0003594669105950743
1019,101900.0,2.714548110961914,0.0008731023408472538,2.575785345015902e-07,3.35377553710714e-05,3.4400920412736014e-05,0.0003591057611629367
1020,102000.0,2.900017023086548,0.0008072217460721731,3.0973359343988704e-07,3.103942799498327e-05,3.092633778578602e-05,0.00035874504828825593
1021,102100.0,2.950035572052002,0.0009585167863406241,8.607966037743608e-07,3.685711635625921e-05,3.622812437242828e-05,0.00035838468465954065
1022,102200.0,2.831876277923584,0.0005276728188619018,1.9269694462309417e-07,1.993389923882205e-05,2.9132585041224957e-05,0.00035802467027679086
1023,102300.0,2.8989968299865723,0.0015127495862543583,4.173026297848992e-07,5.908002276555635e-05,3.533166091074236e-05,0.00035766500514000654
1024,102400.0,2.746464967727661,0.0007122713141143322,1.1715209069507182e-07,2.7260181013843976e-05,3.06495712720789e-05,0.00035730571835301816
1025,102500.0,2.9857523441314697,0.0007428724784404039,8.407874219074074e-08,2.8604537874343805e-05,2.7675030651153065e-05,0.0003569468390196562
1026,102600.0,2.8871657848358154,0.000568377145100385,1.0612524192765704e-07,2.1537236534641124e-05,2.984009188367054e-05,0.0003565882216207683
1027,102700.0,2.8092658519744873,0.002017904771491885,2.0243268750164134e-07,7.920563075458631e-05,3.75616509700194e-05,0.00035623006988316774
1028,102800.0,2.9675097465515137,0.00036456610541790724,4.198597736149168e-08,1.2905372386740055e-05,4.188981620245613e-05,0.0003558722382877022
1029,102900.0,2.737762451171875,0.0017736541340127587,2.3913815994092147e-07,6.944976485101506e-05,3.7171001167735085e-05,0.0003555147268343717
1030,103000.0,2.7461276054382324,0.0009910559747368097,1.819128243596424e-07,3.838640623143874e-05,3.1213836336974055e-05,0.0003551575937308371
1031,103100.0,2.934523582458496,0.001207654015161097,5.206316018302459e-07,4.7023997467476875e-05,3.15334000333678e-05,0.00035480083897709846
1032,103200.0,2.8218138217926025,0.0013754285173490644,2.0351667728846223e-07,5.396208871388808e-05,2.6172878278885037e-05,0.00035444440436549485
1033,103300.0,2.5811715126037598,0.00035604267031885684,4.421095667339614e-08,1.284443715121597e-05,3.488750371616334e-05,0.0003540883772075176
1034,103400.0,2.774475336074829,0.002511049387976527,4.1000814121616713e-07,9.892488742480054e-05,3.751711483346298e-05,0.0003537326701916754
1035,103500.0,2.586984872817993,0.00018612653366290033,2.8401627716334588e-08,6.028268671798287e-06,3.539141471264884e-05,0.00035337734152562916
1036,103600.0,2.795717239379883,0.0008118916302919388,2.8244647864994477e-07,3.127724630758166e-05,2.9678027203772217e-05,0.0003530223621055484
1037,103700.0,2.580843687057495,0.0012301407987251878,2.850572400348028e-07,4.7873894800432026e-05,3.300831303931773e-05,0.0003526677319314331
1038,103800.0,2.6367249488830566,0.0012347940355539322,1.5407381681598054e-07,4.810179598280229e-05,3.209516216884367e-05,0.0003523135092109442
1039,103900.0,2.654411554336548,0.0021795446518808603,8.30952842534316e-07,8.590488141635433e-05,3.109166937065311e-05,0.0003519595484249294
1040,104000.0,2.612351179122925,0.00011926799197681248,3.228885248063307e-08,3.4494864848966245e-06,3.299853779026307e-05,0.00035160602419637144
1041,104100.0,2.725062847137451,0.0001749936636770144,5.2375732195741875e-08,5.726561539631803e-06,3.177725011482835e-05,0.00035125284921377897
1042,104200.0,2.7267415523529053,0.002235619816929102,1.1751872079912573e-06,8.792536391410977e-05,3.6310681025497615e-05,0.00035089999437332153
1043,104300.0,2.7809207439422607,0.0011950163170695305,4.947555680701043e-07,4.658578473026864e-05,2.9876942789996974e-05,0.0003505474887788296
1044,104400.0,2.7547316551208496,0.0018078605644404888,3.843884712750878e-07,7.082151569193229e-05,3.6938206903869286e-05,0.0003501953324303031
1045,104500.0,2.7523932456970215,0.0008500925032421947,9.268657663596969e-08,3.264891711296514e-05,3.3776919735828415e-05,0.00034984355443157256
1046,104600.0,2.7379136085510254,0.001928713172674179,7.630792424606625e-07,7.572567119495943e-05,3.480830491753295e-05,0.0003494921256788075
1047,104700.0,2.964459180831909,0.0011980205308645964,9.010263966047205e-07,4.609327152138576e-05,4.478760456549935e-05,0.0003491410461720079
1048,104800.0,3.1397383213043213,0.0010766673367470503,1.4727159225458308e-07,4.154433554504067e-05,3.791170456679538e-05,0.0003487903450150043
1049,104900.0,2.969080924987793,0.0010730383219197392,3.344551089412562e-07,4.169082239968702e-05,3.0433337087742984e-05,0.00034843996400013566
1050,105000.0,2.8914289474487305,0.0008530762861482799,3.0618312507613155e-07,3.2805233786348253e-05,3.263926919316873e-05,0.0003480899322312325
1051,105100.0,2.941941738128662,0.0003518885641824454,5.047674633829047e-08,1.271960627491353e-05,3.3847922168206424e-05,0.0003477403079159558
1052,105200.0,2.875896453857422,0.0017601492581889033,5.822946036460053e-07,6.912491517141461e-05,3.144417132716626e-05,0.00034739100374281406
1053,105300.0,2.7309422492980957,0.0007721813162788749,4.1250333993048116e-07,2.957517426693812e-05,3.238942372263409e-05,0.00034704201971180737
1054,105400.0,2.654254913330078,0.00101608713157475,2.450040881285531e-07,3.9252710848813877e-05,3.452440432738513e-05,0.00034669338492676616
1055,105500.0,2.593172073364258,0.0009562166524119675,1.7711661826069758e-07,3.683081013150513e-05,3.526932414388284e-05,0.00034634515759535134
1056,105600.0,2.59197735786438,0.00020122798741795123,1.1851251713324018e-07,6.755600679753115e-06,3.221945371478796e-05,0.00034599719219841063
1057,105700.0,2.6664774417877197,0.0017729902174323797,4.6538048081856687e-07,6.975616997806355e-05,2.8620577722904272e-05,0.00034564969246275723
1058,105800.0,2.587534189224243,0.0021400724072009325,4.5086531486049353e-07,8.442837133770809e-05,2.8912363632116467e-05,0.00034530245466157794
1059,105900.0,2.588207721710205,0.0001497445919085294,1.8349101083003916e-07,4.878750587522518e-06,2.7592350306804292e-05,0.0003449555370025337
1060,106000.0,2.6643803119659424,0.0005087740137241781,7.673353508153014e-08,1.913752203108743e-05,3.0259239792940207e-05,0.0003446090267971158
1061,106100.0,2.726775646209717,0.000848423398565501,2.1644386549724004e-07,3.2785093935672194e-05,2.8579632271430455e-05,0.00034426289494149387
1062,106200.0,2.7103161811828613,0.0036538990680128336,5.317530735737819e-07,0.00014457490760833025,3.89946362702176e-05,0.0003439170541241765
1063,106300.0,2.655085563659668,0.0021850490011274815,2.299430974517236e-07,8.606036863056943e-05,3.3309694117633626e-05,0.00034357162076048553
1064,106400.0,2.7421319484710693,0.0013345208717510104,4.6011587073735427e-07,5.229414819041267e-05,2.670704088814091e-05,0.00034322644933126867
1065,106500.0,2.7930140495300293,0.0012864809250459075,2.5495870659142383e-07,5.0062233640346676e-05,3.467009082669392e-05,0.0003428816853556782
1066,106600.0,2.6271088123321533,0.0019799144938588142,1.0382142079379264e-07,7.801611354807392e-05,2.9407896363409236e-05,0.00034253724152222276
1067,106700.0,2.736898183822632,0.0015663652447983623,4.6824297328385e-07,6.128258974058554e-05,3.383226794539951e-05,0.00034219317603856325
1068,106800.0,2.6199440956115723,0.00036868228926323354,3.620688460159727e-08,1.3685094927495811e-05,2.6518724553170614e-05,0.00034184943069703877
1069,106900.0,2.681739568710327,0.0025240883696824312,4.955347776558483e-07,9.970772225642577e-05,3.089982419623993e-05,0.0003415060637053102
1070,107000.0,2.6707046031951904,0.001724309753626585,4.3953852468803234e-07,6.749973545083776e-05,3.637672489276156e-05,0.00034116298775188625
1071,107100.0,3.1162216663360596,0.0035823825746774673,5.6783392210491e-07,0.00014184934843797237,3.5580895200837404e-05,0.00034082026104442775
1072,107200.0,3.073068380355835,0.00024244921223726124,5.595305552219543e-08,8.209865882236045e-06,3.7146619433769956e-05,0.0003404779126867652
1073,107300.0,2.938408136367798,0.001454363577067852,2.3841106155941816e-07,5.693327329936437e-05,3.079339876421727e-05,0.00034013588447123766
1074,107400.0,2.7306511402130127,0.0014447588473558426,7.090577014423616e-07,5.636535934172571e-05,3.4915701689897105e-05,0.00033979417639784515
1075,107500.0,2.633099317550659,0.00035003156517632306,1.712557065047804e-07,1.2607696589839179e-05,3.466789348749444e-05,0.0003394528466742486
1076,107600.0,2.7253270149230957,0.0013329160865396261,3.241348451865633e-07,5.221565515967086e-05,2.7200499971513636e-05,0.0003391118661966175
1077,107700.0,2.6460418701171875,0.0001847048115450889,2.117798558742834e-08,6.018541171215475e-06,3.4220112866023555e-05,0.00033877123496495187
1078,107800.0,2.6252737045288086,0.0009905616752803326,1.211760718433652e-07,3.8340494938893244e-05,3.192815711372532e-05,0.00033843095297925174
1079,107900.0,2.6302947998046875,0.0014269477687776089,2.0797968147689971e-07,5.5909051297931e-05,2.901350671891123e-05,0.0003380909620318562
1080,108000.0,2.6303231716156006,0.0006176838069222867,6.809568731114268e-08,2.3405427782563493e-05,3.248001303290948e-05,0.000337751378538087
1081,108100.0,2.7350261211395264,0.004835756961256266,3.620997972575424e-07,0.0001917524787131697,4.158250521868467e-05,0.00033741211518645287
1082,108200.0,2.6754541397094727,0.00222727726213634,3.449076189099287e-07,8.782689837971702e-05,3.126014780718833e-05,0.0003370731428731233
1083,108300.0,2.714966297149658,0.0027714185416698456,4.962387265550205e-07,0.00010952602315228432,3.2771931728348136e-05,0.00033673454890958965
1084,108400.0,2.6781673431396484,0.00010769742948468775,1.65651705685832e-08,3.0264527595136315e-06,3.201954677933827e-05,0.0003363963041920215
1085,108500.0,2.9381508827209473,0.00392533652484417,8.788503009782289e-07,0.0001552431785967201,4.337840437074192e-05,0.00033605832140892744
1086,108600.0,2.984060764312744,0.0025368949864059687,7.959265531098936e-07,0.0001002102144411765,3.0843737476971e-05,0.00033572077518329024
1087,108700.0,2.9770424365997314,0.00011868659203173593,6.38984900547257e-08,3.6499955058388878e-06,2.737280556175392e-05,0.00033538354909978807
1088,108800.0,3.2077481746673584,0.001588276936672628,3.0925673399906373e-07,6.209608545759693e-05,3.556561568984762e-05,0.0003350466431584209
1089,108900.0,2.9453623294830322,0.0018996067810803652,1.501422048022505e-06,7.447553798556328e-05,3.6216926673660055e-05,0.0003347100573591888
1090,109000.0,3.0306315422058105,0.0017869074363261461,1.5999664526589186e-07,7.035159796942025e-05,2.7957452402915806e-05,0.00033437382080592215
1091,109100.0,2.988976001739502,0.002807875396683812,1.7207449332090619e-07,0.00011088109022239223,3.567626845324412e-05,0.000334037933498621
1092,109200.0,3.1362545490264893,0.0011493611382320523,7.416156222461723e-08,4.4718235585605726e-05,3.1331132049672306e-05,0.00033370242454111576
1093,109300.0,2.881730556488037,0.0003176122554577887,3.911117829602517e-08,1.1623164937191177e-05,2.699401738937013e-05,0.00033336717751808465
1094,109400.0,2.925137519836426,0.0004940293729305267,7.19282979844138e-08,1.8551851098891348e-05,3.016112168552354e-05,0.0003330323379486799
1095,109500.0,3.073650598526001,0.000129969441331923,2.1957024642915712e-08,4.156075647188118e-06,2.6045589038403705e-05,0.00033269773120991886
1096,109600.0,2.70210599899292,0.0011942292330786586,2.0909456566187146e-07,4.6551580453524366e-05,3.02306107187178e-05,0.0003323635319247842
1097,109700.0,2.6649880409240723,0.001142070279456675,2.2179384018272685e-07,4.443790749064647e-05,3.090086829615757e-05,0.00033202971098944545
1098,109800.0,2.631937265396118,9.230183786712587e-05,3.294417894039725e-08,2.716334620345151e-06,2.4360528186662123e-05,0.0003316961810924113
1099,109900.0,2.8060500621795654,0.0013977012131363153,2.052242393801862e-07,5.459526801132597e-05,3.2614207157166675e-05,0.0003313629422336817
1100,110000.0,3.043485641479492,6.552909326273948e-05,1.1214196682374222e-08,1.5033672298159217e-06,2.7933701858273707e-05,0.000331030081724748
1101,110100.0,2.8413398265838623,0.0018602523487061262,9.944541261575068e-07,7.278146949829534e-05,3.9721137000015005e-05,0.00033069757046177983
1102,110200.0,3.107435941696167,0.00031077046878635883,7.040257798962557e-08,1.129015890910523e-05,2.84460729744751e-05,0.0003303653793409467
1103,110300.0,2.8762829303741455,0.0004837994638364762,1.2132761639804812e-07,1.813648850657046e-05,3.0265908208093606e-05,0.000330033537466079
1104,110400.0,3.068246364593506,0.0011205642949789762,1.692584135071229e-07,4.354562406660989e-05,3.1754410883877426e-05,0.0003297019866295159
1105,110500.0,2.8649532794952393,0.0005733843427151442,1.6220322152094013e-07,2.181600393669214e-05,2.7822012270917185e-05,0.0003293708141427487
1106,110600.0,2.8083887100219727,0.0014753974974155426,5.840104222443188e-07,5.799197970191017e-05,2.501387098163832e-05,0.00032903990359045565
1107,110700.0,2.687922239303589,0.001942013273946941,4.756093971991504e-07,7.64778014854528e-05,2.9592603823402897e-05,0.000328709400491789
1108,110800.0,2.624021053314209,0.0003880743170157075,8.544237317664738e-08,1.4382004337676335e-05,2.8438758818083443e-05,0.00032837921753525734
1109,110900.0,2.700899839401245,0.0008598711574450135,9.336798711956362e-08,3.318383824080229e-05,3.0181814508978277e-05,0.00032804932561703026
1110,111000.0,2.7325222492218018,0.00012471023364923894,1.9103817194832118e-08,3.839713826891966e-06,2.8698283131234348e-05,0.00032771978294476867
1111,111100.0,2.7196238040924072,0.0017362174112349749,4.936433128932549e-07,6.800986739108339e-05,3.547711094142869e-05,0.00032739058951847255
1112,111200.0,2.6222734451293945,0.000532345031388104,9.21977303391941e-08,2.0254803530406207e-05,2.588275856396649e-05,0.00032706171623431146
1113,111300.0,2.6315176486968994,0.0007364036864601076,2.0934422195750813e-07,2.8443544579204172e-05,2.5105702661676332e-05,0.00032673319219611585
1114,111400.0,2.7516417503356934,0.0006477144197560847,2.841891841853794e-07,2.4800663595669903e-05,2.7413641873863526e-05,0.0003264049591962248
1115,111500.0,3.2138683795928955,0.00022421534231398255,4.398230402102854e-08,7.575514700874919e-06,3.478349754004739e-05,0.0003260770463384688
1116,111600.0,2.6294994354248047,0.0018498684512451291,1.5939580180202029e-06,7.272509537870064e-05,3.014718822669238e-05,0.0003257495700381696
1117,111700.0,2.6260857582092285,7.640590774826705e-05,3.688922589617505e-08,1.7864937262856984e-06,3.170667332597077e-05,0.00032542229746468365
1118,111800.0,2.6920855045318604,0.0023231839295476675,7.061889277792943e-07,9.162895003100857e-05,3.175379606545903e-05,0.0003250954323448241
1119,111900.0,2.746039628982544,0.0007502391817979515,2.1255472404391185e-07,2.8846961868111975e-05,2.8852538889623247e-05,0.0003247688291594386
1120,112000.0,2.788036823272705,0.0019120265496894717,1.0038620530394837e-06,7.526724220952019e-05,2.934171789092943e-05,0.0003244426043238491
1121,112100.0,2.913241386413574,0.0022428263910114765,8.223597092182899e-07,8.826088742353022e-05,3.548182576196268e-05,0.0003241166996303946
1122,112200.0,2.70634126663208,6.236297485884279e-05,1.0705471176208903e-08,1.3005886785322218e-06,2.9837554393452592e-05,0.00032379114418290555
1123,112300.0,2.640906810760498,0.0007521951920352876,1.9593515787619253e-07,2.8747948817908764e-05,3.330057006678544e-05,0.0003234658797737211
1124,112400.0,2.7309539318084717,0.0004736703704111278,1.2770129842465394e-07,1.787581277312711e-05,2.6647363483789377e-05,0.0003231409064028412
1125,112500.0,2.729095220565796,0.0017118585528805852,1.6193503427075484e-07,6.727170693920925e-05,2.9904007533332333e-05,0.0003228163404855877
1126,112600.0,2.7573020458221436,0.0034989446867257357,3.041976697204518e-07,0.0001387391093885526,3.016273694811389e-05,0.0003224920656066388
1127,112700.0,2.7974698543548584,0.0026196762919425964,3.36273302536938e-07,0.00010381639003753662,2.393041540926788e-05,0.00032216813997365534
1128,112800.0,2.95711612701416,0.001064987271092832,7.320454074033478e-07,4.156419527134858e-05,2.515037340344861e-05,0.000321844476275146
1129,112900.0,3.2875852584838867,0.0013976148329675198,5.194783625483979e-07,5.4799271310912445e-05,2.7113548640045337e-05,0.0003215211909264326
1130,113000.0,2.871391534805298,0.0017680606106296182,1.3263319260659046e-06,6.925752677489072e-05,3.529611058183946e-05,0.00032119813840836287
1131,113100.0,2.7778193950653076,0.0012510183732956648,3.433223696447385e-07,4.901973807136528e-05,2.5181601813528687e-05,0.00032087555155158043
1132,113200.0,2.640885591506958,0.002273859456181526,9.499186148786976e-08,8.968845941126347e-05,3.1552968721371144e-05,0.0003205532266292721
1133,113300.0,2.6606340408325195,0.0017568821785971522,2.0615161133719084e-07,6.900037260493264e-05,3.166671740473248e-05,0.0003202312218490988
1134,113400.0,2.6981313228607178,0.0007258421392180026,2.699452466004004e-07,2.795936234178953e-05,2.658810444700066e-05,0.0003199095372110605
1135,113500.0,2.663849115371704,0.00043444146285764873,6.346066072637768e-08,1.6137046259245835e-05,3.095186912105419e-05,0.00031958817271515727
1136,113600.0,2.6338746547698975,0.005103138741105795,4.0401224055131024e-07,0.00020267943909857422,3.5748264053836465e-05,0.00031926712836138904
1137,113700.0,2.631448984146118,0.00072503462433815,1.8822640868165763e-07,2.8007385481032543e-05,2.4661776478751563e-05,0.0003189464332535863
1138,113800.0,2.630336284637451,0.0009820766281336546,1.1364365093413653e-07,3.8092377508291975e-05,2.9653503588633612e-05,0.0003186260291840881
1139,113900.0,2.6700921058654785,0.001300428993999958,6.701944244014157e-07,5.087329191155732e-05,2.7926549591938965e-05,0.00031830594525672495
1140,114000.0,2.790748119354248,0.00031658911029808223,6.2274743584112e-08,1.1292934686935041e-05,3.42034618370235e-05,0.0003179862105753273
1141,114100.0,2.8361973762512207,0.004180855117738247,6.401741643458081e-07,0.0001658077962929383,3.502000981825404e-05,0.00031766676693223417
1142,114200.0,2.7076351642608643,0.0009703128016553819,8.983511179394554e-08,3.761266634683125e-05,2.990633038280066e-05,0.00031734767253510654
1143,114300.0,2.6274616718292236,0.00107967562507838,3.0881906809554494e-07,4.214606451569125e-05,2.5715198717080057e-05,0.0003170289273839444
1144,114400.0,2.63677716255188,0.00012193068687338382,2.2829038215377295e-08,4.007300958619453e-06,2.1725336409872398e-05,0.0003167104150634259
1145,114500.0,2.627568244934082,0.0021657284814864397,2.9899041464886977e-07,8.55327452882193e-05,2.7110781957162544e-05,0.00031639228109270334
1146,114600.0,2.8394696712493896,0.00019935084856115282,4.7282835424766745e-08,6.989208031882299e-06,2.457336631778162e-05,0.00031607443816028535
1147,114700.0,2.6745290756225586,0.0006339328829199076,5.5310135138597616e-08,2.4232855139416642e-05,2.8056214432581328e-05,0.00031575700268149376
1148,114800.0,2.6342580318450928,0.0007284380262717605,4.513974971587231e-08,2.8150761863798834e-05,2.462390148139093e-05,0.0003154398000333458
1149,114900.0,2.7027039527893066,0.004540826193988323,2.490316717285168e-07,0.00018042276496998966,3.0008177418494597e-05,0.00031512288842350245
1150,115000.0,2.635232925415039,0.0014073684578761458,1.369098896475407e-07,5.5201475333888084e-05,2.719461190281436e-05,0.000314806355163455
1151,115100.0,2.732867479324341,0.0015729265287518501,5.105827085571946e-07,6.15070530329831e-05,3.473957258393057e-05,0.00031449011294171214
1152,115200.0,2.875303268432617,0.0014022834366187453,2.0856889193510142e-07,5.467341543408111e-05,3.523940176819451e-05,0.0003141741908621043
1153,115300.0,3.1747376918792725,0.002252902602776885,3.422507290906651e-07,8.875143248587847e-05,3.377467510290444e-05,0.0003138586471322924
1154,115400.0,3.307661533355713,0.001666035270318389,1.2627479861748725e-07,6.537586159538478e-05,3.1512488931184635e-05,0.00031354333623312414
1155,115500.0,3.2441799640655518,0.0023246530909091234,6.141972903606074e-07,9.180486085824668e-05,2.891724398068618e-05,0.0003132283454760909
1156,115600.0,3.1750051975250244,0.0006336995866149664,2.2495568430258572e-07,2.430427230137866e-05,2.5867811928037554e-05,0.0003129137330688536
1157,115700.0,3.1730215549468994,0.0008757649338804185,2.817724009673839e-07,3.3676584280328825e-05,3.35685363097582e-05,0.00031259938259609044
1158,115800.0,2.9244959354400635,0.0002664114872459322,3.714472995852702e-08,9.636934009904508e-06,2.545099960116204e-05,0.0003122854104731232
1159,115900.0,3.1511921882629395,0.00011786049435613677,1.8325776451888487e-08,3.52216466126265e-06,2.9788046958856285e-05,0.00031197164207696915
1160,116000.0,3.277284860610962,0.00094389240257442,5.669430152011046e-07,3.6383757105795667e-05,3.3731535950209945e-05,0.00031165831023827195
1161,116100.0,3.2865946292877197,0.0007274707895703614,1.1323523096962163e-07,2.8128910344094038e-05,2.4134787963703275e-05,0.00031134524033404887
1162,116200.0,3.0438740253448486,0.0011282764608040452,1.4077937748879776e-07,4.4055122998543084e-05,2.675754512893036e-05,0.00031103246146813035
1163,116300.0,3.027306079864502,0.000134230955154635,9.513591692211776e-08,4.34244111602311e-06,2.5574783649062738e-05,0.00031072000274434686
1164,116400.0,3.0559751987457275,0.0033070086501538754,1.8297339465789264e-07,0.0001308289502048865,3.610172279877588e-05,0.00031040789326652884
1165,116500.0,2.626222848892212,0.00091881537809968,9.210178575358441e-08,3.549369648681022e-05,3.138083411613479e-05,0.0003100960748270154
1166,116600.0,2.8403303623199463,0.001022849464789033,2.306824313791367e-07,3.968610690208152e-05,3.0465969757642597e-05,0.00030978460563346744
1167,116700.0,3.1032211780548096,0.0010093753226101398,1.5401025166283944e-07,3.9309452404268086e-05,2.648489680723287e-05,0.0003094733983743936
1168,116800.0,3.0166287422180176,9.246884292224422e-05,3.593907393906193e-08,2.7333676371199545e-06,2.4098713765852153e-05,0.0003091625403612852
1169,116900.0,3.0306851863861084,0.0013391751563176513,6.15313581420196e-07,5.246513319434598e-05,2.6931369575322606e-05,0.00030885194428265095
1170,117000.0,2.667975902557373,0.0008428075816482306,2.5695069894027256e-07,3.27663219650276e-05,2.3392618459183723e-05,0.00030854169744998217
1171,117100.0,2.819551706314087,0.00029909852310083807,1.7105469396483386e-07,1.0894319530052599e-05,2.656950346136e-05,0.00030823174165561795
1172,117200.0,2.7162539958953857,0.001064629526808858,1.6314027107000584e-07,4.152482870267704e-05,2.6345676815253682e-05,0.0003079221642110497
1173,117300.0,2.762104034423828,0.0013992618769407272,6.646679366895114e-07,5.4588796047028154e-05,3.387731339898892e-05,0.00030761281959712505
1174,117400.0,2.72204852104187,9.087422949960455e-05,2.0201980532874586e-08,2.428029574730317e-06,3.015328911715187e-05,0.0003073038242291659
1175,117500.0,2.6610567569732666,0.0020973635837435722,2.3422231265612936e-07,8.27933763503097e-05,2.7295078325551003e-05,0.0003069951490033418
1176,117600.0,2.791996717453003,0.002059602877125144,6.563853389707219e-07,8.124889427563176e-05,2.772405969153624e-05,0.00030668670660816133
1177,117700.0,2.7631752490997314,0.0009330083848908544,1.629186812124317e-07,3.635201574070379e-05,2.404506813036278e-05,0.00030637867166660726
1178,117800.0,2.744270086288452,0.0007074398454278708,2.829210359323042e-07,2.710198168642819e-05,2.960739038826432e-05,0.0003060708986595273
1179,117900.0,2.702497720718384,0.00018397989333607256,1.2312487740473443e-07,6.4678260969230905e-06,2.2161115339258686e-05,0.0003057634748984128
1180,118000.0,2.644304037094116,9.070020314538851e-05,3.7907778249746116e-08,2.442748154862784e-06,2.959358971565962e-05,0.000305456283967942
1181,118100.0,2.788785219192505,0.0009838157566264272,2.382651871357666e-07,3.8101719837868586e-05,3.1034494895720854e-05,0.00030514944228343666
1182,118200.0,3.07145619392395,0.00019729546329472214,1.1808867839135928e-07,6.722194029862294e-06,2.9122533305780962e-05,0.0003048428916372359
1183,118300.0,2.890410900115967,0.0005119562847539783,1.4314673535409383e-07,1.934374995471444e-05,2.821939233399462e-05,0.00030453671934083104
1184,118400.0,3.2068607807159424,0.0016272554639726877,3.524905025642511e-07,6.356339144986123e-05,3.78181975975167e-05,0.0003042307507712394
1185,118500.0,3.1825332641601562,0.0010998317738994956,9.715154192235786e-08,4.3038351577706635e-05,2.3775761292199604e-05,0.0003039251605514437
1186,118600.0,3.183439254760742,0.001193854957818985,2.1814932438246615e-07,4.6626271796412766e-05,2.797989873215556e-05,0.000303619890473783
1187,118700.0,3.2232792377471924,0.001270910957828164,3.434334416851925e-07,4.965256812283769e-05,2.9253251341287978e-05,0.0003033149114344269
1188,118800.0,3.0023767948150635,0.000296574376989156,6.565634436128676e-08,1.0852553714357782e-05,2.5194851332344115e-05,0.00030301022343337536
1189,118900.0,3.068927764892578,0.00041928235441446304,2.705227473143168e-07,1.5675997929065488e-05,2.7111878807772882e-05,0.0003027057973667979
1190,119000.0,2.6562209129333496,0.001552422414533794,2.0215574636495148e-07,6.068880611564964e-05,3.500009188428521e-05,0.0003024017496500164
1191,119100.0,3.2950026988983154,0.0004697703116107732,4.892563509883985e-08,1.7547667084727436e-05,3.102972186752595e-05,0.00030209796386770904
1192,119200.0,3.131110429763794,0.00176438398193568,2.799470451009256e-07,6.914788536960259e-05,3.540687612257898e-05,0.0003017944982275367
1193,119300.0,3.1514241695404053,0.001568511943332851,2.5090167810049024e-07,6.153801223263144e-05,2.9810757041559555e-05,0.00030149135272949934
1194,119400.0,3.3717901706695557,0.0006139529286883771,5.61317889946622e-08,2.3512819097959436e-05,2.6076306312461384e-05,0.00030118844006210566
1195,119500.0,3.1036458015441895,0.0012733007315546274,4.2267461708433984e-07,4.9895428674062714e-05,2.5492236090940423e-05,0.00030088593484833837
1196,119600.0,2.954195976257324,0.00013978734205011278,2.8926908868243117e-08,4.473071840038756e-06,2.793161547742784e-05,0.0003005836915690452
1197,119700.0,2.7967543601989746,4.1161376429954544e-05,2.6978831613178045e-08,5.596233449978172e-07,2.7143812985741533e-05,0.0003002817393280566
1198,119800.0,2.628267288208008,0.0025488834362477064,5.091821435598831e-07,0.000100762139481958,2.9320815883693285e-05,0.000299980107229203
1199,119900.0,2.719566822052002,0.00012937844439875335,1.7045564959516923e-08,4.007857114629587e-06,2.9164984880480915e-05,0.00029967876616865396
1200,120000.0,3.1305253505706787,0.0006965366192162037,8.484487068471935e-08,2.681396290427074e-05,2.6102676201844588e-05,0.0002993777161464095
1201,120100.0,3.0792737007141113,0.0014859760412946343,3.137729152058455e-07,5.81710810365621e-05,3.1385232432512566e-05,0.00029907701537013054
1202,120200.0,2.8675310611724854,0.0017411448061466217,7.112324738045572e-07,6.855381070636213e-05,2.6588286345941015e-05,0.0002987765474244952
1203,120300.0,2.774811267852783,0.0010955332545563579,1.7383320027875016e-07,4.284557871869765e-05,2.4219996703322977e-05,0.0002984763996209949
1204,120400.0,3.107339382171631,0.0002883441629819572,3.5536032783056726e-08,1.0479783668415621e-05,2.6314022761653177e-05,0.00029817657195962965
1205,120500.0,2.911621332168579,0.0011858792277052999,2.424035301373806e-07,4.6388628106797114e-05,2.5921146516338922e-05,0.0002978770644403994
1206,120600.0,2.9631285667419434,0.0007054401212371886,1.2512660418906307e-07,2.7107844289275818e-05,2.7618872991297394e-05,0.0002975778770633042
1207,120700.0,3.144533634185791,0.0011930913897231221,2.72891895747307e-07,4.670194539357908e-05,2.526993557694368e-05,0.0002972789225168526
1208,120800.0,2.7695441246032715,0.00015446881297975779,3.028255335379981e-08,5.127764325152384e-06,2.6244417313137092e-05,0.00029698031721636653
1209,120900.0,2.837677240371704,6.385204324033111e-05,1.1974345071052994e-08,1.5406062630063388e-06,2.5324910893687047e-05,0.0002966819447465241
1210,121000.0,3.1009397506713867,0.0002703661157283932,1.3025454848047957e-07,9.816587407840416e-06,2.482116178725846e-05,0.00029638392152264714
1211,121100.0,3.1676340103149414,0.001417290885001421,2.3569695883907116e-07,5.5710454034851864e-05,2.4293836759170517e-05,0.0002960862184409052
1212,121200.0,3.286242961883545,0.00043157607433386147,1.002877354494558e-07,1.616760710021481e-05,2.7285588657832704e-05,0.00029578880639746785
1213,121300.0,3.056420087814331,0.0012508636573329568,6.295144316936785e-07,4.9139784096041694e-05,2.173966095142532e-05,0.00029549168539233506
1214,121400.0,3.0810205936431885,0.0024505755864083767,9.096948474507371e-07,9.682784730102867e-05,2.8969658160349354e-05,0.00029519485542550683
1215,121500.0,3.070524215698242,0.000933577714022249,4.460331979316834e-07,3.626113539212383e-05,2.660326390468981e-05,0.0002948982873931527
1216,121600.0,3.0459742546081543,0.0009279832011088729,1.5742342895919137e-07,3.618706250563264e-05,2.314919765922241e-05,0.0002946020395029336
1217,121700.0,3.1292600631713867,0.0008569069905206561,2.283107676248619e-07,3.305430800537579e-05,3.032098538824357e-05,0.00029430614085868
1218,121800.0,2.628847599029541,9.323459380539134e-05,2.719612623991452e-08,2.8095601010136306e-06,2.2968393750488758e-05,0.0002940105041489005
1219,121900.0,2.624058723449707,8.72785021783784e-05,2.6482759096779773e-08,2.162128794225282e-06,3.319879760965705e-05,0.0002937151293735951
1220,122000.0,2.6294004917144775,0.00016047277313191444,1.171402956856582e-07,5.56082841285388e-06,2.1334923076210544e-05,0.0002934201038442552
1221,122100.0,2.7237563133239746,0.0008917672093957663,2.2998764848125575e-07,3.478090002317913e-05,2.201472489105072e-05,0.0002931253402493894
1222,122200.0,2.627518892288208,0.0010992462048307061,1.5715485801592877e-07,4.2792526073753834e-05,2.9275888664415106e-05,0.0002928309259004891
1223,122300.0,2.723677396774292,0.002630769507959485,7.846633707231376e-07,0.00010399718303233385,3.0055514798732474e-05,0.00029253674438223243
1224,122400.0,2.6389710903167725,0.001942829112522304,5.64913989364868e-07,7.659152470296249e-05,2.7475971364765428e-05,0.0002922428830061108
1225,122500.0,2.750072717666626,0.00020031082385685295,8.011231500404392e-08,7.125954198272666e-06,2.2081869246903807e-05,0.00029194934177212417
1226,122600.0,2.7498435974121094,0.00196950719691813,3.1792771437721967e-07,7.778254803270102e-05,2.4625569494673982e-05,0.0002916560333687812
1227,122700.0,2.7342655658721924,0.00037486330256797373,1.5077540638230857e-07,1.3844231034454424e-05,2.8606722480617464e-05,0.0002913631033152342
1228,122800.0,2.7413110733032227,0.00019170086306985468,3.869594067396065e-08,6.612741344724782e-06,2.6343643185100518e-05,0.0002910704060923308
1229,122900.0,2.9697258472442627,0.0015026824548840523,3.1891224239188887e-07,5.881284596398473e-05,3.204245513188653e-05,0.00029077797080390155
1230,123000.0,3.14658522605896,0.00020818077609874308,1.2113356717691204e-07,7.32583794160746e-06,2.491369377821684e-05,0.00029048591386526823
1231,123100.0,3.249258518218994,0.002880851738154888,2.3700420115346787e-07,0.00011414022446842864,2.710921035031788e-05,0.000290194118861109
1232,123200.0,2.6631715297698975,0.002230796730145812,5.531122724278248e-07,8.797319605946541e-05,3.0913655791664496e-05,0.0002899026148952544
1233,123300.0,2.6338376998901367,0.0014888604637235403,2.894556700994144e-07,5.8334891946287826e-05,3.0198745662346482e-05,0.0002896114019677043
1234,123400.0,2.677591562271118,0.0015260933432728052,1.199056640643903e-07,5.9820886235684156e-05,3.045116682187654e-05,0.00028932045097462833
1235,123500.0,2.6403942108154297,6.222131924005225e-05,4.5808317139517385e-08,1.365255002383492e-06,2.804413452395238e-05,0.00028902984922751784
1236,123600.0,2.715650796890259,0.0013196248328313231,2.0770563935457176e-07,5.178092033020221e-05,2.48941287281923e-05,0.00028873950941488147
1237,123700.0,3.0188958644866943,0.0006599134067073464,9.698407410496657e-08,2.518538894946687e-05,3.0181730835465714e-05,0.00028844946064054966
1238,123800.0,2.6365878582000732,0.00023775674344506115,4.604051895285011e-08,8.43562520458363e-06,2.6820069251698442e-05,0.00028815967380069196
1239,123900.0,2.6280319690704346,0.003323933109641075,3.3411049571441254e-07,0.00013178217341192067,2.904465509345755e-05,0.0002878702071029693
1240,124000.0,2.6322505474090576,6.927852518856525e-05,2.485678152197579e-08,1.6185002778001945e-06,2.879116618714761e-05,0.00028758106054738164
1241,124100.0,2.8365020751953125,0.0008688311208970845,5.113831207381736e-07,3.3542175515322015e-05,2.9765373255941086e-05,0.00028729220503009856
1242,124200.0,2.6688482761383057,0.0016629924066364765,8.786185503595334e-07,6.553924322361127e-05,2.3632812371943146e-05,0.00028700358234345913
1243,124300.0,2.698173761367798,0.0015609210822731256,2.0915102538765495e-07,6.139910692581907e-05,2.5734188966453075e-05,0.00028671525069512427
1244,124400.0,2.6408419609069824,0.001258587813936174,2.6355851900916605e-07,4.9252463213633746e-05,2.7012703867512755e-05,0.00028642723918892443
1245,124500.0,2.6903598308563232,0.00014584226300939918,3.9598035073140636e-08,4.7763278416823596e-06,2.639446574903559e-05,0.00028613951872102916
1246,124600.0,2.5991628170013428,0.0028321025893092155,5.476491651279503e-07,0.00011215041013201699,2.77947292488534e-05,0.0002858521183952689
1247,124700.0,2.5939810276031494,0.0016995269106701016,4.1654439542071486e-07,6.619341729674488e-05,4.4274966057855636e-05,0.0002855649509001523
1248,124800.0,2.690171003341675,0.00010988273425027728,1.647296699047729e-08,3.3474743759143166e-06,2.617940481286496e-05,0.00028527810354717076
1249,124900.0,2.611595392227173,0.0018575112335383892,8.826183375276742e-07,7.313320384128019e-05,2.8298432880546898e-05,0.0002849915181286633
1250,125000.0,2.7493062019348145,0.0014914796920493245,3.544865876392578e-07,5.873925692867488e-05,2.2643866032012738e-05,0.0002847052237484604
1251,125100.0,2.7721216678619385,0.0010141049278900027,7.528954597546544e-07,3.919261143892072e-05,3.353685315232724e-05,0.0002844192204065621
1252,125200.0,2.870053291320801,0.0004755868867505342,7.95830530364583e-08,1.801966027414892e-05,2.5015811843331903e-05,0.00028413356631062925
1253,125300.0,2.879394054412842,0.0006808813777752221,1.9777446880198113e-07,2.607250280561857e-05,2.887098708015401e-05,0.0002838481159415096
1254,125400.0,2.7195675373077393,0.001359006972052157,8.633776360511547e-07,5.314825102686882e-05,2.9437402190524153e-05,0.000283562985714525
1255,125500.0,2.6658430099487305,0.00016339180001523346,6.245956285511056e-08,5.445783699542517e-06,2.7184754799236543e-05,0.0002832781174220145
1256,125600.0,2.7474358081817627,0.0002631995303090662,6.063461199801168e-08,9.42252063396154e-06,2.757590300461743e-05,0.000282993569271639
1257,125700.0,2.7534821033477783,0.00010533325985306874,3.295641093359336e-08,3.160096639476251e-06,2.629789014463313e-05,0.00028270931215956807
1258,125800.0,2.717275857925415,0.0009425117168575525,6.229522142575661e-08,3.662033850559965e-05,2.6940941097564064e-05,0.00028242531698197126
1259,125900.0,2.592064619064331,0.0017300056060776114,1.2849541519699414e-07,6.806045712437481e-05,2.8365622711135074e-05,0.000282141612842679
1260,126000.0,2.655242919921875,0.0019350613001734018,4.838374820792524e-07,7.632389315403998e-05,2.6480129236006178e-05,0.0002818582288455218
1261,126100.0,2.8895862102508545,0.0007371304673142731,1.7831388277045335e-07,2.8591062800842337e-05,2.217557812400628e-05,0.0002815750485751778
1262,126200.0,2.5858607292175293,0.0004900915664620697,9.534174694181274e-08,1.8540826204116456e-05,2.647560540935956e-05,0.00028129221755079925
1263,126300.0,2.589998483657837,0.0016242092242464423,2.214810876921547e-07,6.376876262947917e-05,2.9768583772238344e-05,0.0002810096484608948
1264,126400.0,2.7656426429748535,0.0002063627471216023,4.5754738664527395e-08,7.18805358701502e-06,2.6615649403538555e-05,0.00028072737040929496
1265,126500.0,2.8479483127593994,0.00589533057063818,3.492254450065957e-07,0.00023450443404726684,3.2370404369430616e-05,0.0002804453542921692
1266,126600.0,2.820878028869629,0.0010236520320177078,1.948815224750433e-07,3.9853457565186545e-05,2.7120722734252922e-05,0.0002801636583171785
1267,126700.0,2.8199257850646973,0.0009319781675003469,3.614095476223156e-07,3.6300862120697275e-05,2.4095175831462257e-05,0.00027988222427666187
1268,126800.0,2.7351644039154053,0.00034467451041564345,2.41731981986959e-07,1.2632393918465823e-05,2.862292603822425e-05,0.0002796010812744498
1269,126900.0,2.6305341720581055,0.0010888956021517515,2.707460566853115e-07,4.244922092766501e-05,2.7394291464588605e-05,0.0002793202002067119
1270,127000.0,2.826279878616333,0.0018558469600975513,2.888765493480605e-07,7.326983177335933e-05,2.3812281142454594e-05,0.0002790396101772785
1271,127100.0,3.1502435207366943,0.0007060287753120065,6.594858348307753e-08,2.705247788981069e-05,2.9650844226125628e-05,0.00027875928208231926
1272,127200.0,2.602797508239746,0.0009769982425495982,8.504676429765823e-08,3.799492696998641e-05,2.7039932319894433e-05,0.0002784793032333255
1273,127300.0,2.9429571628570557,0.0008960915729403496,2.860642780433409e-07,3.472212847555056e-05,2.775223765638657e-05,0.00027819955721497536
1274,127400.0,2.990324020385742,0.00021423320868052542,2.977206392529297e-08,7.551331236754777e-06,2.542015863582492e-05,0.00027792007313109934
1275,127500.0,2.9584696292877197,0.0018132703844457865,4.621798552761902e-07,7.154055492719635e-05,2.429439700790681e-05,0.00027764090918935835
1276,127600.0,2.7808635234832764,0.0014231522800400853,2.8302940791036235e-07,5.565366882365197e-05,3.152760837110691e-05,0.00027736203628592193
1277,127700.0,2.839914560317993,0.0003201609943062067,1.961721807219874e-07,1.1736341548385099e-05,2.655628304637503e-05,0.00027708339621312916
1278,127800.0,2.794821262359619,0.00017046742141246796,5.10132132092167e-08,5.77467335460824e-06,2.6049574444186874e-05,0.00027680504717864096
1279,127900.0,2.8653178215026855,4.313629324315116e-05,2.4031486134390434e-08,7.132755399652524e-07,2.5280371119151823e-05,0.00027652696007862687
1280,128000.0,2.950800895690918,0.0009513981640338898,2.939522403266892e-07,3.7022942706244066e-05,2.5530660423100926e-05,0.0002762492513284087
1281,128100.0,3.107088088989258,0.0007697570254094899,1.1117311515818074e-07,2.970786408695858e-05,2.694926479307469e-05,0.00027597168809734285
1282,128200.0,2.8212859630584717,0.0009191936696879566,2.1516126480491948e-07,3.56880555045791e-05,2.677717748156283e-05,0.0002756945032160729
1283,128300.0,2.8084146976470947,0.0014933879720047116,6.071524012440932e-07,5.826679625897668e-05,3.611102874856442e-05,0.00027541755116544664
1284,128400.0,2.832540512084961,0.0013697848189622164,2.248198427423631e-07,5.359215720091015e-05,2.9756087315035984e-05,0.0002751409192569554
1285,128500.0,2.919001817703247,0.001688482821919024,2.668673744210537e-07,6.634585588471964e-05,2.95695717795752e-05,0.00027486449107527733
1286,128600.0,2.7212719917297363,0.0012119314633309841,2.627315325298696e-07,4.7608529712306336e-05,2.145540747733321e-05,0.0002745883830357343
1287,128700.0,2.728379487991333,0.001012948458082974,1.0510268566576997e-07,3.9579299482284114e-05,2.3360871637123637e-05,0.00027431256603449583
1288,128800.0,2.7226877212524414,7.639166142325848e-05,4.2266176336624994e-08,2.22301446228812e-06,2.077403405564837e-05,0.0002740370109677315
1289,128900.0,2.833549737930298,0.0013268860056996346,7.230318033180083e-07,5.21231340826489e-05,2.308461807842832e-05,0.00027376177604310215
1290,129000.0,2.779951333999634,0.0002996089751832187,4.758591032327786e-08,1.0925395145022776e-05,2.6426509066368453e-05,0.00027348671574145555
1291,129100.0,2.8300561904907227,0.0021145963110029697,2.5259228664253897e-07,8.355627505807206e-05,2.5436691430513747e-05,0.00027321200468577445
1292,129200.0,2.611109972000122,0.0008643636247143149,1.8985899430390418e-07,3.332593405502848e-05,3.102539631072432e-05,0.0002729375846683979
1293,129300.0,2.5998127460479736,0.00012719896039925516,5.105759370849228e-08,3.992340225522639e-06,2.733938345045317e-05,0.00027266336837783456
1294,129400.0,2.7996766567230225,0.0001365279604215175,6.991598411332234e-08,4.197242560621817e-06,3.152697172481567e-05,0.00027238947222940624
1295,129500.0,3.1670007705688477,0.0010013343999162316,1.7611935732020356e-07,3.909923179890029e-05,2.367745400988497e-05,0.0002721158671192825
1296,129600.0,2.9765868186950684,0.0001319265429629013,2.854376930372382e-07,4.221422386763152e-06,2.610555020510219e-05,0.0002718424948398024
1297,129700.0,2.6125144958496094,0.00040546563104726374,1.1295316681980694e-07,1.5134531167859677e-05,2.698942262213677e-05,0.00027156947180628777
1298,129800.0,2.5894720554351807,0.0036916269455105066,8.1340101587557e-07,0.00014659686712548137,2.5891798941302113e-05,0.0002712966233957559
1299,129900.0,2.5975100994110107,0.00022280450502876192,5.0442352517166e-08,7.880373232183047e-06,2.574473910499364e-05,0.00027102415333501995
1300,130000.0,2.5868966579437256,7.111017475835979e-05,4.832770272855669e-08,1.8480064909454086e-06,2.4861683414201252e-05,0.0002707518870010972
1301,130100.0,2.819685935974121,0.002157364971935749,2.8766012860614865e-07,8.533859363524243e-05,2.361260339966975e-05,0.000270479911705479
1302,130200.0,2.7358007431030273,0.0013596725184470415,2.782906562970311e-07,5.3435178415384144e-05,2.3514870918006636e-05,0.0002702082274481654
1303,130300.0,2.7265703678131104,0.0004708509659394622,3.866320597012418e-08,1.7887667127070017e-05,2.362065060879104e-05,0.00026993671781383455
1304,130400.0,2.6358375549316406,0.0007186089060269296,1.3128175169185852e-07,2.7752483219956048e-05,2.4665532691869885e-05,0.0002696655865292996
1305,130500.0,2.591031551361084,0.0005648242076858878,5.227753518965983e-08,2.1619083781843074e-05,2.4294842660310678e-05,0.0002693947171792388
1306,130600.0,2.5843491554260254,0.00011575153621379286,6.379153205671173e-08,3.6614478631236125e-06,2.4151551770046353e-05,0.00026912405155599117
1307,130700.0,2.5897114276885986,0.0006294564809650183,7.334432439165539e-08,2.43259928538464e-05,2.1233357983874157e-05,0.0002688537642825395
1308,130800.0,2.6830804347991943,0.000964280916377902,3.238711201447586e-07,3.761312837013975e-05,2.362883424211759e-05,0.000268583680735901
1309,130900.0,2.7124271392822266,0.001021607662551105,2.2328028137508227e-07,3.983023270848207e-05,2.5628656658227555e-05,0.0002683138882275671
1310,131000.0,2.7640583515167236,0.00035613184445537627,1.285324771060914e-07,1.332095871475758e-05,2.297937317052856e-05,0.0002680443285498768
1311,131100.0,2.7386698722839355,7.641334377694875e-05,7.452749528624736e-09,2.165019395761192e-06,2.2280410121311434e-05,0.0002677750599104911
1312,131200.0,2.588012218475342,0.0014213115209713578,1.0733368327464632e-07,5.5798529501771554e-05,2.6240919396514073e-05,0.00026750611141324043
1313,131300.0,2.59438157081604,0.0010645623551681638,2.6592050517137977e-07,4.166755752521567e-05,2.260749533888884e-05,0.00026723736664280295
1314,131400.0,2.6511919498443604,0.00014535291120409966,8.677941565338188e-08,4.73769978270866e-06,2.6823645384865813e-05,0.0002669689420145005
1315,131500.0,2.755101203918457,0.0013982411473989487,7.096363106029457e-07,5.463067282107659e-05,3.176466270815581e-05,0.00026670077932067215
1316,131600.0,2.7116594314575195,0.0009203077643178403,1.1143765021870422e-07,3.561455741873942e-05,2.9832424843334593e-05,0.000266432820353657
1317,131700.0,2.774301052093506,0.0006821647402830422,1.0173384623612947e-07,2.6153420549235307e-05,2.822747774189338e-05,0.00026616521063260734
1318,131800.0,2.6573493480682373,0.0009174870210699737,4.1383862026123097e-07,3.570680200937204e-05,2.440311982354615e-05,0.0002658978628460318
1319,131900.0,2.5912115573883057,0.00020481666433624923,5.613289388861631e-08,7.358707534876885e-06,2.0792847863049246e-05,0.00026563077699393034
1320,132000.0,2.5881893634796143,0.00029301070026122034,7.008897995319785e-08,1.0912707693933044e-05,2.0122917703702115e-05,0.00026536392397247255
1321,132100.0,2.7836287021636963,0.0010550274746492505,4.075888568877417e-07,4.128704676986672e-05,2.2443658963311464e-05,0.00026509733288548887
1322,132200.0,2.581455707550049,0.0001846556697273627,2.9032927173489043e-08,6.478823706856929e-06,2.2656053261016496e-05,0.0002648310619406402
1323,132300.0,2.641510009765625,6.050084994058125e-05,4.685507537516287e-09,1.4830237660135026e-06,2.342056905035861e-05,0.0002645650238264352
1324,132400.0,2.639296293258667,0.0007076184847392142,1.8618901265199383e-07,2.72492161457194e-05,2.6201916625723243e-05,0.00026429927675053477
1325,132500.0,2.5893654823303223,0.003009535139426589,5.378431637836911e-07,0.00011914555943803862,3.0358220101334155e-05,0.00026403373340144753
1326,132600.0,2.592721939086914,0.001335110398940742,3.4541551485745003e-07,5.242881161393598e-05,2.4044697056524456e-05,0.0002637685392983258
1327,132700.0,2.587250232696533,0.000998001080006361,4.1370793724127e-07,3.898272188962437e-05,2.3019223590381444e-05,0.00026350360712967813
1328,132800.0,2.589974880218506,0.0005862395628355443,9.308895698723063e-08,2.2400512534659356e-05,2.613367178128101e-05,0.0002632388495840132
1329,132900.0,2.5875232219696045,0.0011201929301023483,2.476570557519153e-07,4.3745421862695366e-05,2.6309719032724388e-05,0.0002629744412843138
1330,133000.0,2.6695592403411865,0.00019992738089058548,6.532033580697316e-08,6.976372787903529e-06,2.5452740374021232e-05,0.0002627102949190885
1331,133100.0,2.8346385955810547,0.00013217542436905205,2.0800099420625884e-08,4.381860890134703e-06,2.260810651932843e-05,0.00026244635228067636
1332,133200.0,2.7865066528320312,8.705077198101208e-05,8.886615177061685e-08,2.576429324108176e-06,2.2551168513018638e-05,0.00026218275888822973
1333,133300.0,2.7427754402160645,0.0005189728690311313,7.050393691088175e-08,1.9860908651025966e-05,2.237966691609472e-05,0.0002619193692225963
1334,133400.0,2.765117645263672,0.0028251977637410164,3.7031648503216275e-07,0.00011193779937457293,2.6382565920357592e-05,0.0002616562705952674
1335,133500.0,2.879432201385498,0.002140199299901724,2.899255946431367e-07,8.453798363916576e-05,2.645988206495531e-05,0.0002613934047985822
1336,133600.0,2.906623601913452,0.0011980840936303139,3.9651840211263334e-07,4.6866709453752264e-05,2.6019893994089216e-05,0.000261130859144032
1337,133700.0,3.074514865875244,0.0007286846521310508,7.493680698189564e-08,2.8167080017738044e-05,2.44326947722584e-05,0.0002608685754239559
1338,133800.0,2.9171528816223145,0.0005728849791921675,4.898423711097166e-08,2.1992844267515466e-05,2.301485073985532e-05,0.0002606064663268626
1339,133900.0,2.9038922786712646,0.0002814630570355803,5.457178886558722e-08,1.0378876140748616e-05,2.1936584744253196e-05,0.0002603447064757347
1340,134000.0,2.8492369651794434,0.0001387762458762154,5.301530592305426e-08,4.754008386953501e-06,1.9873026758432388e-05,0.0002600831794552505
1341,134100.0,2.9994637966156006,0.0005516184610314667,6.850324751894732e-08,2.1126228602952324e-05,2.3394219169858843e-05,0.0002598219143692404
1342,134200.0,2.7949459552764893,0.000472062238259241,1.4936384218344756e-07,1.802895167202223e-05,2.1189076505834237e-05,0.00025956096942536533
1343,134300.0,2.7287707328796387,0.001210845191963017,4.911869950774417e-07,4.74656953883823e-05,2.3711709218332544e-05,0.0002593001408968121
1344,134400.0,3.6906073093414307,0.00016912072896957397,9.471416007045264e-08,5.887734005227685e-06,2.1832664060639217e-05,0.00025903971982188523
1345,134500.0,2.7552478313446045,0.002602220280095935,6.996938282100018e-07,0.00010295477841282263,2.7651192795019597e-05,0.0002587794733699411
1346,134600.0,2.6804885864257812,0.0023296030703932047,1.1256034895268385e-06,9.221048094332218e-05,2.321560896234587e-05,0.000258519547060132
1347,134700.0,2.762831449508667,0.001502037514001131,5.484453708959336e-07,5.894496280234307e-05,2.7865002266480587e-05,0.00025825988268479705
1348,134800.0,2.811023473739624,0.0010783978505060077,2.532359246742999e-07,4.215575609123334e-05,2.4250764909083955e-05,0.00025800042203627527
1349,134900.0,2.8324167728424072,0.0021995995193719864,3.1312629289459437e-07,8.700730541022494e-05,2.4103717805701308e-05,0.00025774125242605805
1350,135000.0,2.7724690437316895,0.0015242953086271882,1.8900836096236162e-07,5.996433537802659e-05,2.4997874788823538e-05,0.0002574823738541454
1351,135100.0,3.0125792026519775,0.0009605783270671964,1.4878911258620064e-07,3.746802394744009e-05,2.372891867707949e-05,0.00025722364080138505
1352,135200.0,2.948918104171753,0.0003006132028531283,2.2858353432297918e-08,1.1130535312986467e-05,2.232696169812698e-05,0.0002569652860984206
1353,135300.0,2.8502185344696045,0.00013970007421448827,2.6280021714342183e-08,4.729408374259947e-06,2.1438583644339815e-05,0.00025670716422609985
1354,135400.0,2.584934949874878,9.984181815525517e-05,5.043662909542945e-08,3.09772167383926e-06,2.234833846159745e-05,0.00025644933339208364
1355,135500.0,2.6663706302642822,0.0008847484714351594,2.8479644242906943e-07,3.445707989158109e-05,2.3036696802591905e-05,0.00025619170628488064
1356,135600.0,2.6205809116363525,0.0008338700281456113,3.802832111432508e-07,3.2442509109387174e-05,2.2427004296332598e-05,0.00025593434111215174
1357,135700.0,2.5940301418304443,6.1945611378178e-05,2.370403606732907e-08,1.5450319779120036e-06,2.329610288143158e-05,0.0002556772669777274
1358,135800.0,2.760100841522217,0.00027460698038339615,1.0429159402747246e-07,1.0064422895084135e-05,2.289215444761794e-05,0.00025542042567394674
1359,135900.0,2.7507481575012207,0.00022978040215093642,6.338223101920448e-08,8.34240472613601e-06,2.1156902221264318e-05,0.0002551638463046402
1360,136000.0,2.8699097633361816,0.00010372116230428219,3.118230296195179e-08,3.252233909734059e-06,2.238412889710162e-05,0.0002549075288698077
1361,136100.0,2.8577489852905273,0.0002895212091971189,6.86331631527537e-08,1.0564342119323555e-05,2.5344033929286525e-05,0.0002546514442656189
1362,136200.0,2.7839372158050537,0.0009367774473503232,1.087851373426929e-07,3.632302104961127e-05,2.8593140086741187e-05,0.00025439567980356514
1363,136300.0,2.7556426525115967,0.0015107439830899239,9.032063275071778e-08,5.957263056188822e-05,2.1337900761864148e-05,0.0002541400899644941
1364,136400.0,2.7478387355804443,0.00011523324792506173,5.780887590844941e-08,3.843134891212685e-06,1.9097069525741972e-05,0.0002538848202675581
1365,136500.0,2.716252088546753,6.423066952265799e-05,5.192019614241872e-08,1.7639273437453085e-06,2.0080564354429953e-05,0.00025362978340126574
1366,136600.0,2.7990763187408447,0.0026466413401067257,6.549668682964693e-07,0.0001047572513925843,2.7055199097958393e-05,0.00025337497936561704
1367,136700.0,2.6092171669006348,0.0013203859562054276,3.50825359873852e-07,5.151435107109137e-05,3.2176303648157045e-05,0.0002531204663682729
1368,136800.0,2.8663759231567383,0.0018322764663025737,1.2399601700963103e-07,7.232618372654542e-05,2.399786899331957e-05,0.0002528662153054029
1369,136900.0,2.7779030799865723,0.0011883213883265853,4.445534216301894e-07,4.653663927456364e-05,2.446088365104515e-05,0.0002526122552808374
1370,137000.0,2.828699827194214,0.00048588792560622096,8.509447013693716e-08,1.857444476627279e-05,2.1441701392177492e-05,0.00025235844077542424
1371,137100.0,2.849020481109619,0.0003390772035345435,4.31490292385206e-08,1.2692344171227887e-05,2.1725432816310786e-05,0.0002521049464121461
1372,137200.0,2.725144147872925,0.001609575585462153,4.333913352638774e-07,6.331844633677974e-05,2.6181034627370536e-05,0.00025185171398334205
1373,137300.0,2.780428171157837,0.0012994799762964249,2.6796359975378437e-07,5.1020251703448594e-05,2.370565380260814e-05,0.00025159871438518167
1374,137400.0,2.75130558013916,0.0013022309867665172,3.594752513436106e-07,5.1211951358709484e-05,2.1572719560936093e-05,0.0002513459767214954
1375,137500.0,2.81693696975708,0.0009126071818172932,2.2578672087547602e-07,3.535062205628492e-05,2.8615842893486843e-05,0.0002510935009922832
1376,137600.0,2.6909594535827637,0.0002651290560606867,4.933933439588145e-08,9.765202776179649e-06,2.0949659301550128e-05,0.00025084122898988426
1377,137700.0,2.7508013248443604,0.001732180011458695,1.2065740406796976e-07,6.853188097011298e-05,1.8762431864161044e-05,0.00025058933533728123
1378,137800.0,2.778897523880005,8.72424352564849e-05,2.971448154198697e-08,2.462146539983223e-06,2.5659057428129017e-05,0.0002503375581
1379,137900.0,2.804131507873535,0.00018506785272620618,2.8240185301342535e-08,6.582597507076571e-06,2.0474675693549216e-05,0.00025008610100485384
1380,138000.0,2.7966113090515137,0.0007366067729890347,8.503372583845703e-08,2.85366659227293e-05,2.310504532943014e-05,0.0002498348767403513
1381,138100.0,2.9183034896850586,0.00013389074592851102,1.2714456154583331e-08,4.5339820644585416e-06,2.0528477762127295e-05,0.00024958388530649245
1382,138200.0,2.9107961654663086,6.69276196276769e-05,2.3400437143550334e-08,1.81817040356691e-06,2.1449963242048398e-05,0.00024933318491093814
1383,138300.0,2.8643314838409424,0.000601213367190212,1.4510786172650114e-07,2.3122875063563697e-05,2.2996400730335154e-05,0.00024908274644985795
1384,138400.0,2.6810190677642822,0.001367758377455175,1.651313681350075e-07,5.370433791540563e-05,2.4984783522086218e-05,0.0002488325408194214
1385,138500.0,2.8122382164001465,0.0014167431509122252,1.4456897190484597e-07,5.577502815867774e-05,2.222283001174219e-05,0.0002485825680196285
1386,138600.0,2.8880417346954346,4.8332691221730784e-05,4.350535576236325e-08,1.0056043038275675e-06,2.3149077605921775e-05,0.0002483328280504793
1387,138700.0,2.8671443462371826,0.0014486998552456498,1.3543734667109675e-07,5.705914372811094e-05,2.2085880118538626e-05,0.0002480834082234651
1388,138800.0,2.841001272201538,0.0003485178458504379,5.3411454814522585e-08,1.2957973922311794e-05,2.4515087716281414e-05,0.0002478341630194336
1389,138900.0,2.680084705352783,0.0022258751560002565,9.666940741226426e-07,8.76632911968045e-05,3.3326301490888e-05,0.0002475852379575372
1390,139000.0,3.9459497928619385,8.036331564653665e-05,2.4610056215124132e-08,2.3374398097075755e-06,2.190271334256977e-05,0.0002473365457262844
1391,139100.0,3.04927134513855,6.276784552028403e-05,2.1814345885218245e-08,1.7050689393727225e-06,2.011930882872548e-05,0.0002470880572218448
1392,139200.0,2.582857608795166,0.0017346648965030909,3.5963515188086603e-07,6.836631655460224e-05,2.5147312044282444e-05,0.00024683985975570977
1393,139300.0,2.5832152366638184,0.0010250539053231478,6.377973704729811e-08,3.9957834815140814e-05,2.604414476081729e-05,0.0002465918951202184
1394,139400.0,2.587378740310669,0.00010768947686301544,2.1642827974233114e-08,3.4346528536843834e-06,2.1801515686092898e-05,0.00024634419241920114
1395,139500.0,2.5951485633850098,0.00018923330935649574,1.6697752869276883e-07,6.651443072769325e-06,2.2780253857490607e-05,0.00024609672254882753
1396,139600.0,2.5969643592834473,0.00048569755745120347,3.234920598060853e-08,1.857777897384949e-05,2.1220716007519513e-05,0.00024584951461292803
1397,139700.0,2.6021642684936523,0.0009322664118371904,1.403972760272154e-07,3.6299108614912257e-05,2.4648335966048762e-05,0.00024560256861150265
1398,139800.0,2.5846595764160156,0.000556561048142612,3.053138186714932e-08,2.14008196053328e-05,2.15099844353972e-05,0.00024535582633689046
1399,139900.0,2.589775323867798,0.001168309012427926,3.391834582089359e-07,4.575071216095239e-05,2.4201917767641135e-05,0.0002451094042044133
1400,140000.0,2.5945026874542236,0.0005316419992595911,1.481704288153196e-07,2.0108949684072286e-05,2.8770078642992303e-05,0.00024486315669491887
1401,140100.0,6.110507011413574,8.872105536283925e-05,1.7014615494304053e-08,2.554691945988452e-06,2.483674143149983e-05,0.00024461717111989856
1402,140200.0,2.9646754264831543,0.001195328077301383,8.320703415165553e-08,4.695013558375649e-05,2.149144529539626e-05,0.00024437144747935236
1403,140300.0,2.610800266265869,5.682813934981823e-05,2.3588372144445202e-08,1.4552399534295546e-06,2.042355299636256e-05,0.00024412597122136503
1404,140400.0,2.6266229152679443,0.0004660652484744787,1.2237558166816598e-07,1.7752388885128312e-05,2.2133130187285133e-05,0.00024388075689785182
1405,140500.0,2.584198236465454,0.0005281919147819281,7.406760715866767e-08,2.018366831180174e-05,2.3526159566245042e-05,0.00024363576085306704
1406,140600.0,2.584030866622925,0.0006251074373722076,2.369385896372478e-07,2.4167551600839943e-05,2.068171488645021e-05,0.0002433909976389259
1407,140700.0,2.5929834842681885,0.001631279126740992,1.7662976858900947e-07,6.430870416807011e-05,2.338489684916567e-05,0.00024314654001500458
1408,140800.0,2.5936880111694336,0.00010268024925608188,1.6125770940789153e-08,3.3358146538375877e-06,1.9268762116553262e-05,0.0002429022715659812
1409,140900.0,2.6331470012664795,0.001413512509316206,6.885491075081518e-07,5.5387008615070954e-05,2.8148695491836406e-05,0.0002426582941552624
1410,141000.0,2.595341920852661,0.00043496023863554,6.836263821696775e-08,1.6512707588844933e-05,2.2074187654652633e-05,0.00024241453502327204
1411,141100.0,2.8363938331604004,0.0010461057536303997,5.067403208158794e-07,4.07711740990635e-05,2.631966708577238e-05,0.00024217100872192532
1412,141200.0,2.584723711013794,0.0009246385307051241,3.066888893954456e-07,3.613398803281598e-05,2.0982135538361035e-05,0.00024192777345888317
1413,141300.0,2.671248435974121,0.00044643122237175703,9.523512289888458e-08,1.6851190594024956e-05,2.5056240701815113e-05,0.00024168471281882375
1414,141400.0,2.6034297943115234,0.0009330049506388605,1.1876824146384024e-07,3.637600093497895e-05,2.348622183490079e-05,0.00024144195776898414
1415,141500.0,2.609104871749878,0.0016230364562943578,2.7623880782812194e-07,6.398484401870519e-05,2.3139098630053923e-05,0.00024119942099787295
1416,141600.0,2.653083324432373,0.0007943260716274381,1.1639258445939049e-07,3.085768184973858e-05,2.276763552799821e-05,0.00024095710250549018
1417,141700.0,2.645692825317383,0.00019051077833864838,1.0417028306619613e-07,6.703902727167588e-06,2.2809035726822913e-05,0.00024071508960332721
1418,141800.0,2.6195149421691895,0.0006637852056883276,2.6541539455138263e-07,2.554313323344104e-05,2.4941435185610317e-05,0.00024047325132414699
1419,141900.0,2.5958871841430664,0.00011748214456019923,3.727234343386954e-08,3.823076895059785e-06,2.1867945179110393e-05,0.00024023173318710178
1420,142000.0,2.6145541667938232,0.00023330768453888595,2.849743552246764e-08,8.387863999814726e-06,2.358258825552184e-05,0.0002399903751211241
1421,142100.0,2.710007429122925,0.0016265715239569545,1.1811634976766072e-06,6.403105362551287e-05,2.461407166265417e-05,0.00023974929354153574
1422,142200.0,2.591285228729248,4.351870302343741e-05,1.4143783921838349e-08,9.783906307347934e-07,1.9044793589273468e-05,0.0002395084738964215
1423,142300.0,2.699608087539673,0.0011479391250759363,1.512093774636014e-07,4.495441316976212e-05,2.3927541406010278e-05,0.0002392678870819509
1424,142400.0,2.7394251823425293,0.0007994387997314334,2.7265946300758515e-07,3.114003629889339e-05,2.0665260308305733e-05,0.0002390275476500392
1425,142500.0,2.9845595359802246,0.0009681013762019575,7.404243547171063e-07,3.7650206650141627e-05,2.610580668260809e-05,0.00023878742649685591
1426,142600.0,2.697763442993164,0.0005188030772842467,8.766220105371758e-08,1.9765275283134542e-05,2.4583556296420284e-05,0.00023854752362240106
1427,142700.0,2.602658987045288,0.0010698973201215267,2.0966355407381343e-07,4.182090924587101e-05,2.416495408397168e-05,0.00023830794089008123
1428,142800.0,2.5950393676757812,5.897484516026452e-05,4.422656019187343e-09,1.4589272723242175e-06,2.249723911518231e-05,0.00023806853278074414
1429,142900.0,2.5950214862823486,0.000924391788430512,2.429672179005138e-07,3.61172242264729e-05,2.1218222173047252e-05,0.00023782940115779638
1430,143000.0,2.592275381088257,0.0007273763767443597,4.578827983436895e-08,2.8275269869482145e-05,2.0448820578167215e-05,0.00023759047326166183
1431,143100.0,2.7730681896209717,0.00012798728130292147,1.0916134129956845e-07,4.218085450702347e-06,2.2425982024287805e-05,0.0002373518218519166
1432,143200.0,2.678652286529541,0.00034411269007250667,2.244455110655963e-08,1.2944586160301697e-05,2.0475597921176814e-05,0.00023711340327281505
1433,143300.0,2.835017442703247,0.0004718421259894967,6.946090280735007e-08,1.7982454664888792e-05,2.221127761004027e-05,0.00023687518842052668
1434,143400.0,2.8413479328155518,0.0013923002406954765,2.896244666317216e-07,5.4803800594527274e-05,2.191547719121445e-05,0.00023663726460654289
1435,143500.0,2.856767177581787,0.0008973797084763646,1.6766171029303223e-07,3.493215990602039e-05,2.3908098228275776e-05,0.00023639954451937228
1436,143600.0,2.819355010986328,0.0009006196050904691,1.8496199061246443e-07,3.507211658870801e-05,2.3631713702343404e-05,0.00023616205726284534
1437,143700.0,2.851649761199951,0.0011340508935973048,5.852910476278339e-07,4.459513002075255e-05,1.8587343220133334e-05,0.00023592486104462296
1438,143800.0,2.820474624633789,7.804128108546138e-05,3.1045801485163338e-09,2.2725726012140512e-06,2.1223857402219437e-05,0.00023568785400129855
1439,143900.0,2.793245553970337,0.0006063362234272063,1.0934792271655169e-07,2.329617927898653e-05,2.382237471465487e-05,0.00023545110889244825
1440,144000.0,2.759761333465576,0.0002311957359779626,1.3054685155111656e-07,8.421445272688288e-06,2.0529052562778816e-05,0.00023521458206232637
1441,144100.0,2.8890156745910645,0.0003362901334185153,2.2010522116033826e-07,1.2603128197952174e-05,2.0991821656934917e-05,0.00023497828806284815
1442,144200.0,2.702662944793701,0.0008456524228677154,9.640848475100938e-08,3.292653855169192e-05,2.2392548999050632e-05,0.00023474227054975927
1443,144300.0,2.7057945728302,0.0009046938503161073,3.515789330776897e-07,3.523040140862577e-05,2.3582271751365624e-05,0.00023450645676348358
1444,144400.0,2.7891931533813477,0.00030168023658916354,4.989317403669702e-08,1.1299334801151417e-05,1.9146968043060042e-05,0.000234270904911682
1445,144500.0,2.7094202041625977,0.00045221313484944403,1.1286454792980294e-07,1.7267635485040955e-05,2.0409381249919534e-05,0.00023403555678669363
1446,144600.0,2.6045475006103516,0.0002577275154180825,2.6667876795727352e-08,9.428968041902408e-06,2.1976658899802715e-05,0.00023380045604426414
1447,144700.0,2.7140114307403564,0.0003100092872045934,3.909205048557851e-08,1.1563232874323148e-05,2.088939982058946e-05,0.00023356560268439353
1448,144800.0,2.8188648223876953,0.0010455255396664143,2.0663497934947372e-07,4.0917748265201226e-05,2.237508488178719e-05,0.00023333096760325134
1449,144900.0,2.8657100200653076,0.00039458778337575495,9.724502092467446e-08,1.4977300452301279e-05,2.005803798965644e-05,0.00023309659445658326
1450,145000.0,2.872992515563965,0.0005544500891119242,2.1946122785720945e-07,2.1307345377863385e-05,2.1547002688748762e-05,0.00023286245414055884
1451,145100.0,2.8121399879455566,4.954872201778926e-05,1.6272784009174757e-08,1.1061200666517834e-06,2.1879446649109013e-05,0.00023262850299943238
1452,145200.0,2.7272212505340576,0.0015114402631297708,8.290775213026791e-07,5.9471665736055e-05,2.3819546186132357e-05,0.0002323948428966105
1453,145300.0,2.7349023818969727,0.00023488380247727036,1.4025354744262586e-07,8.62437445903197e-06,1.9134196918457747e-05,0.0002321613865206018
1454,145400.0,2.7809767723083496,0.001041446696035564,8.492393988035474e-08,4.069301940035075e-05,2.4036437025642954e-05,0.00023192819207906723
1455,145500.0,2.6821093559265137,0.000904424930922687,2.6241536943416577e-07,3.534425559337251e-05,2.0556133677018806e-05,0.00023169520136434585
1456,145600.0,2.6547160148620605,0.0007060178904794157,7.341526497839368e-08,2.734067129495088e-05,2.242769369331654e-05,0.00023146244348026812
1457,145700.0,2.7160534858703613,0.00012227334082126617,1.860906628792236e-08,4.045625246362761e-06,2.1114103219588287e-05,0.00023122996208257973
1458,145800.0,2.774243116378784,0.00026481811073608696,1.0229843638853708e-07,9.775861144589726e-06,2.0319261238910258e-05,0.0002309976698597893
1459,145900.0,2.751906156539917,0.0007361394818872213,4.336078518463182e-07,2.8596636184374802e-05,2.078997749777045e-05,0.000230765639571473
1460,146000.0,2.7066946029663086,0.0009316285722889006,5.734110004596005e-07,3.6371613532537594e-05,2.176483212679159e-05,0.0002305338130099699
1461,146100.0,2.782698631286621,9.71911649685353e-05,6.372271599275336e-08,3.071105311391875e-06,2.03498057089746e-05,0.0002303022047271952
1462,146200.0,2.664348602294922,0.0006604871596209705,1.88659754485343e-07,2.5629147785366513e-05,1.956983032869175e-05,0.00023007088748272508
1463,146300.0,2.8431777954101562,0.00014065724099054933,4.437349332420126e-08,4.836613697989378e-06,1.9697525203810073e-05,0.0002298397885169834
1464,146400.0,2.8227641582489014,8.118472032947466e-05,2.7251578771370077e-08,2.2654016902379226e-06,2.4522432795492932e-05,0.00022960890782997012
1465,146500.0,2.910254716873169,0.0009677534108050168,4.7137598357949173e-07,3.7836580304428935e-05,2.136748116754461e-05,0.00022937824542168528
1466,146600.0,3.056692600250244,0.0009551224065944552,1.9064783884914505e-07,3.7344674638006836e-05,2.131486871803645e-05,0.0002291478158440441
1467,146700.0,3.3552634716033936,0.00026887067360803485,2.230255802260217e-07,9.817542377277277e-06,2.3209087885334156e-05,0.000228917648200877
1468,146800.0,2.816863775253296,0.00020858274365309626,8.635077364260724e-08,7.445578376064077e-06,2.2356933186529204e-05,0.00022868768428452313
1469,146900.0,2.866560220718384,6.401615974027663e-05,1.4817086224638842e-08,1.87939326679043e-06,1.701651308394503e-05,0.00022845798230264336
1470,147000.0,2.890016794204712,0.0004991649184376001,1.0975421105285932e-07,1.9186756617273204e-05,1.9386248823138885e-05,0.00022822848404757679
1471,147100.0,3.0107879638671875,0.0008309201220981777,6.079908843048543e-08,3.2450087019242346e-05,1.960712870641146e-05,0.00022799920407123864
1472,147200.0,2.9221322536468506,0.00016357755521312356,2.515166386274359e-08,5.743387191614602e-06,1.9967734260717407e-05,0.0002277701860293746
1473,147300.0,2.896137237548828,0.0002276557934237644,1.6004245040335263e-08,8.288249773613643e-06,2.0433537429198623e-05,0.000227541386266239
1474,147400.0,2.8378539085388184,0.0003307810693513602,1.9571402276596928e-07,1.2357750165392645e-05,2.1641593775711954e-05,0.00022731283388566226
1475,147500.0,2.947713613510132,0.0013215247308835387,1.9975293241714098e-07,5.1955772505607456e-05,2.2430665922001936e-05,0.0002270844706799835
1476,147600.0,3.1774799823760986,0.0005515357479453087,1.848548265570571e-07,2.1277395717334002e-05,1.941600021382328e-05,0.00022685635485686362
1477,147700.0,2.8982088565826416,0.0010340462904423475,1.2021784812077385e-07,4.047838956466876e-05,2.1966270651319064e-05,0.00022662848641630262
1478,147800.0,2.9412004947662354,0.0006044773617759347,2.2586533532376052e-07,2.329827293579001e-05,2.1794681742903776e-05,0.00022640082170255482
1479,147900.0,2.8506786823272705,0.001037232344970107,2.915969901096105e-07,4.058580816490576e-05,2.2295540475170128e-05,0.0002261734043713659
1480,148000.0,2.992837429046631,0.00018742487009149045,2.9542789548031578e-08,6.743548965459922e-06,1.880660784081556e-05,0.00022594619076699018
1481,148100.0,2.9639298915863037,0.0005170795484445989,3.5178715052097687e-08,1.995126876863651e-05,1.8262677258462645e-05,0.0002257191954413429
1482,148200.0,2.7093493938446045,0.0005127310287207365,1.9556526353881054e-07,1.9507020624587312e-05,2.4859909899532795e-05,0.0002254925057059154
1483,148300.0,2.7289505004882812,0.0004141436074860394,8.283085151106206e-08,1.5610952686984092e-05,2.3786966266925447e-05,0.00022526596148964018
1484,148400.0,2.975501298904419,0.0006761997356079519,2.6102136985173274e-07,2.623687032610178e-05,2.001695793296676e-05,0.00022503970831166953
1485,148500.0,2.865767002105713,0.0002754121960606426,4.01719013609636e-08,1.0178793672821485e-05,2.0902207324979827e-05,0.0002248136152047664
1486,148600.0,2.8541080951690674,0.00020438733918126673,2.2135704824677305e-08,7.369370905507822e-06,2.0130932171014138e-05,0.00022458778403233737
1487,148700.0,2.902059555053711,0.001201904146000743,1.8651729760676972e-07,4.718210766441189e-05,2.216501707152929e-05,0.000224362185690552
1488,148800.0,2.819728374481201,0.00036168991937302053,8.40848315419862e-08,1.3689163097296841e-05,1.9376753698452376e-05,0.00022413680562749505
1489,148900.0,2.917813777923584,8.463293488603085e-05,9.546534229798453e-09,2.5470255877735326e-06,2.0947747543687e-05,0.000223911672946997
1490,149000.0,2.9692587852478027,0.0005455664359033108,2.4852562319210847e-07,2.0857816707575694e-05,2.3872455130913295e-05,0.00022368674399331212
1491,149100.0,2.9802491664886475,0.0003639466885942966,1.43855928058656e-07,1.3796334314974956e-05,1.889447412395384e-05,0.0002234620478702709
1492,149200.0,2.7966561317443848,0.00033865755540318787,2.5852029850170766e-08,1.2664142559515312e-05,2.2028136299923062e-05,0.00022323758457787335
1493,149300.0,2.8261260986328125,0.0008725442457944155,1.5188462043624895e-07,3.406602263567038e-05,2.0741819753311574e-05,0.00022301331046037376
1494,149400.0,2.7737903594970703,0.0010137655772268772,9.911796183814658e-08,3.964410279877484e-05,2.2563919628737494e-05,0.0002227893128292635
1495,149500.0,2.835583209991455,0.000135653157485649,4.058713187760077e-08,4.590038770402316e-06,2.086160566250328e-05,0.00022256550437305123
1496,149600.0,2.6084396839141846,0.0009566884837113321,5.681323500539293e-07,3.73512229998596e-05,2.233982741017826e-05,0.00022234189964365214
1497,149700.0,2.6033620834350586,5.803822205052711e-05,3.3197370186144326e-08,1.4988503380664042e-06,2.053376920230221e-05,0.00022211858595255762
1498,149800.0,2.6390857696533203,0.0007707541808485985,7.295160742160078e-08,2.9978642487549223e-05,2.1215175365796313e-05,0.00022189544688444585
1499,149900.0,2.6527140140533447,0.0009140047477558255,5.638453899337037e-07,3.5567594750318676e-05,2.4251021386589855e-05,0.00022167256975080818
1500,150000.0,2.729517936706543,0.0001784547494025901,1.4340247211919177e-08,6.3646734815847594e-06,1.9323577362229116e-05,0.00022144986724015325
1501,150100.0,2.730137586593628,0.00021692109294235706,1.5246624229803274e-07,7.84095664130291e-06,2.074472104141023e-05,0.00022122738300822675
1502,150200.0,2.604698419570923,0.00030970177613198757,1.0184856336081793e-07,1.1520225598360412e-05,2.1594305508187972e-05,0.0002210051752626896
1503,150300.0,2.629218578338623,0.00017681308963801712,9.761900088278708e-08,6.2317271840584e-06,2.0922296243952587e-05,0.00022078317124396563
1504,150400.0,2.6128463745117188,0.00036193514824844897,4.565863775951584e-08,1.3698026123165619e-05,1.9438830349827185e-05,0.00022056140005588531
1505,150500.0,2.599231719970703,0.0007905795937404037,2.1622062718051893e-07,3.081493923673406e-05,1.998986044782214e-05,0.00022033984714653343
1506,150600.0,2.6025893688201904,0.001556471106596291,2.7081873099632503e-07,6.13444353803061e-05,2.2589467334910296e-05,0.0002201184834120795
1507,150700.0,2.6602423191070557,0.00045223880442790687,1.0307356745897778e-07,1.7220641893800348e-05,2.1619660401483998e-05,0.00021989739616401494
1508,150800.0,2.677006483078003,7.770802767481655e-05,9.840255721371705e-09,2.254330638606916e-06,2.1339928935049102e-05,0.0002196764835389331
1509,150900.0,2.755439043045044,0.0008836330962367356,2.788483755011839e-07,3.460478183114901e-05,1.8234632079838775e-05,0.00021945583284832537
1510,151000.0,2.7242188453674316,0.0012587843229994178,1.5877851922141417e-07,4.943962630932219e-05,2.2634882043348625e-05,0.00021923538588453084
1511,151100.0,2.9239308834075928,0.0010395245626568794,4.070739691997005e-07,4.042039654450491e-05,2.8607550120796077e-05,0.0002190151426475495
1512,151200.0,2.809664249420166,0.0002784094540402293,5.7148838550347136e-08,1.027691632771166e-05,2.142937228200026e-05,0.0002187951613450423
1513,151300.0,2.9291787147521973,0.0014005873817950487,3.8241915945036453e-07,5.520103150047362e-05,2.017920633079484e-05,0.0002185753546655178
1514,151400.0,2.7345874309539795,0.00028574373573064804,3.1036424985586564e-08,1.0597968866932206e-05,2.0763494831044227e-05,0.00021835580992046744
1515,151500.0,2.7427115440368652,0.0011519610416144133,3.685548790599569e-07,4.518486821325496e-05,2.1970770831103437e-05,0.0002181364397983998
1516,151600.0,2.84857439994812,0.0010174791095778346,2.3576340879571944e-07,3.990754339611158e-05,1.955474363057874e-05,0.00021791733161080629
1517,151700.0,2.8635194301605225,0.0006096510333009064,7.040289773385666e-08,2.365511863899883e-05,1.8202661522082053e-05,0.0002176984417019412
1518,151800.0,2.8871278762817383,0.0006240739021450281,1.0029729224925177e-07,2.408802720310632e-05,2.1772902982775122e-05,0.00021747972641605884
1519,151900.0,2.8804683685302734,0.0002681196783669293,2.448441804858703e-08,9.962479452951811e-06,1.9033199350815266e-05,0.0002172612730646506
1520,152000.0,2.814654588699341,0.0010289447382092476,1.322838443229557e-07,4.030873969895765e-05,2.1094019757583737e-05,0.00021704302344005555
1521,152100.0,2.9401280879974365,0.0003102218615822494,5.130108249318255e-08,1.1593483577598818e-05,2.033345117524732e-05,0.0002168249775422737
1522,152200.0,2.9299094676971436,0.0001881193893495947,7.501114396291086e-08,6.7147461777494755e-06,2.0175719328108244e-05,0.00021660719357896596
1523,152300.0,2.9875118732452393,0.00080973090371117,2.3609851496075862e-07,3.1457086151931435e-05,2.3067615984473377e-05,0.00021638961334247142
1524,152400.0,2.8216707706451416,0.000620056118350476,3.342932686223321e-08,2.404695078439545e-05,1.8848895706469193e-05,0.0002161722513847053
1525,152500.0,3.0267748832702637,0.00025790909421630204,4.3508691760507645e-08,9.525740097160451e-06,1.9722067008842714e-05,0.0002159550931537524
1526,152600.0,2.7431366443634033,0.0010868714889511466,2.8731810175486316e-07,4.255809108144604e-05,2.2631958927377127e-05,0.00021573813864961267
1527,152700.0,2.6192164421081543,0.0002991363871842623,5.885931742000139e-08,1.128357234847499e-05,1.6988218703772873e-05,0.00021552144607994705
1528,152800.0,2.619479179382324,0.000289108109427616,1.421857263039783e-07,1.0685721463232767e-05,2.1822907001478598e-05,0.0002153049426851794
1529,152900.0,2.624270439147949,0.0002133642992703244,7.554714898105885e-08,7.783484761603177e-06,1.8701628505368717e-05,0.00021508867212105542
1530,153000.0,2.7432847023010254,0.0007102153031155467,2.3936809157021344e-07,2.7470583518152125e-05,2.3211365260067396e-05,0.00021487260528374463
1531,153100.0,2.9153859615325928,0.00015974839334376156,3.81656271031261e-08,5.497683559951838e-06,2.2268146494752727e-05,0.00021465674217324704
1532,153200.0,2.9246115684509277,0.0008608510252088308,2.737278066433646e-07,3.368020770722069e-05,1.8572107364889234e-05,0.00021444114099722356
1533,153300.0,2.707127332687378,9.989953105105087e-05,1.0162251840029057e-07,3.1867023153608898e-06,2.0130344637436792e-05,0.00021422568534035236
1534,153400.0,2.662748336791992,0.00033159172744490206,1.1683856371291768e-07,1.2559956303448416e-05,1.7475980712333694e-05,0.00021401052072178572
1535,153500.0,2.7722246646881104,0.0001382086193189025,8.084759528514951e-09,4.570384589897003e-06,2.3940909159136936e-05,0.0002137955161742866
1536,153600.0,2.9148385524749756,0.000846332055516541,7.982053062960404e-08,3.3035223168553784e-05,2.0371680875541642e-05,0.00021358075900934637
1537,153700.0,2.6448676586151123,0.00018158815510105342,1.4158786143525504e-08,6.537521585414652e-06,1.8135946447728202e-05,0.00021336622012313455
1538,153800.0,2.662294387817383,0.0005185875343158841,6.184513381413126e-07,1.992165380215738e-05,1.9927740140701644e-05,0.00021315188496373594
1539,153900.0,2.6037189960479736,0.0011030909372493625,4.721995310319471e-07,4.326187263359316e-05,2.10719426831929e-05,0.00021293778263498098
1540,154000.0,2.646221876144409,0.0008001411915756762,1.0206968426018648e-07,3.0949784559197724e-05,2.6294481358490884e-05,0.00021272385492920876
1541,154100.0,2.7069499492645264,0.00011382407683413476,1.0879039535893753e-07,3.7721599710494047e-06,1.94112908502575e-05,0.00021251018915791065
1542,154200.0,2.6224770545959473,0.0004314645775593817,3.742209031543098e-08,1.63676177180605e-05,2.223670162493363e-05,0.0002122967125615105
1543,154300.0,2.7798357009887695,0.0002832822210621089,4.344996895611075e-08,1.0449754881847184e-05,2.199490336352028e-05,0.0002120834542438388
1544,154400.0,2.776860475540161,0.0005930532934144139,1.249077854481584e-07,2.290029442519881e-05,2.042101914412342e-05,0.0002118704142048955
1545,154500.0,2.8990771770477295,0.00013553304597735405,5.834683136640706e-08,4.691329195338767e-06,1.819146200432442e-05,0.00021165759244468063
1546,154600.0,2.8902409076690674,0.00027839114773087204,2.3622419575985987e-08,1.0371551979915239e-05,1.9078726836596616e-05,0.0002114449453074485
1547,154700.0,2.6602978706359863,0.00031356961699202657,6.188612644564273e-08,1.1616783922363538e-05,2.308816692675464e-05,0.0002112325601046905
1548,154800.0,2.771205186843872,0.0001247870095539838,1.489259027209755e-08,4.1360376599186566e-06,2.1371188267949037e-05,0.00021102036407683045
1549,154900.0,2.5912182331085205,0.001056506298482418,2.272741568276615e-07,4.154002454015426e-05,1.7778425899450667e-05,0.00021080840087961406
1550,155000.0,2.6734249591827393,0.0007598655065521598,3.304492111055879e-07,2.965078965644352e-05,1.8265323888044804e-05,0.00021059662685729563
1551,155100.0,2.810166597366333,0.0006023942260071635,1.6036734962199262e-07,2.3413658709614538e-05,1.6892394341994077e-05,0.00021038508566562086
1552,155200.0,2.609978437423706,0.0013280750717967749,3.6556309623847483e-07,5.2132563723716885e-05,2.4395396394538693e-05,0.00021017376275267452
1553,155300.0,2.604254961013794,0.000813880527857691,9.081038854219514e-08,3.176506288582459e-05,1.9663120838231407e-05,0.00020996261446271092
1554,155400.0,2.7607550621032715,0.00045637646690011024,1.330869281446212e-07,1.7408221538062207e-05,2.103783845086582e-05,0.0002097517135553062
1555,155500.0,2.8122541904449463,0.0004642080457415432,6.66704096374815e-08,1.7705804566503502e-05,2.1496252884389833e-05,0.00020954100182279944
1556,155600.0,2.8389649391174316,0.00019134953618049622,1.3298190992827585e-08,6.923873115738388e-06,1.8239419659948908e-05,0.00020933050836902112
1557,155700.0,2.6225080490112305,0.0007939307251945138,1.4409890525257651e-07,3.0864070140523836e-05,2.218485860794317e-05,0.00020912024774588645
1558,155800.0,2.741763114929199,4.3928743252763525e-05,1.0836557606808128e-07,7.566949875581486e-07,2.4903001758502796e-05,0.0002089101617457345
1559,155900.0,2.791064739227295,6.255660991882905e-05,2.6537611219623614e-08,1.5421718444486032e-06,2.3975777367013507e-05,0.00020870032312814146
1560,156000.0,2.6923675537109375,0.0009193986188620329,1.276618206702551e-07,3.592482244130224e-05,2.115041934303008e-05,0.00020849065913353115
1561,156100.0,2.9242870807647705,0.0005170328659005463,5.7191105184983826e-08,1.992844045162201e-05,1.8764618289424106e-05,0.00020828121341764927
1562,156200.0,2.7962357997894287,0.0005419920198619366,1.5113788265352923e-07,2.085300366161391e-05,2.0515759388217703e-05,0.00020807201508432627
1563,156300.0,2.8432040214538574,0.0005521668354049325,2.2925495102299465e-07,2.1167434169910848e-05,2.275170845678076e-05,0.00020786297682207078
1564,156400.0,2.86869478225708,0.00035183553700335324,5.480080744746374e-08,1.3287405636219773e-05,1.9595569028751925e-05,0.00020765421504620463
1565,156500.0,2.7279608249664307,0.0015098906587809324,2.0647946996632527e-07,5.954085645498708e-05,2.116271571139805e-05,0.000207445613341406
1566,156600.0,2.599907636642456,0.0001590783940628171,2.2208560324088467e-08,5.627453901979607e-06,1.836984301917255e-05,0.00020723720081150532
1567,156700.0,2.623749017715454,0.0006615269812755287,3.4416038374729396e-07,2.5681236365926452e-05,1.9151895685354248e-05,0.00020702903566416353
1568,156800.0,2.580266237258911,0.0007267862092703581,2.425273351036594e-07,2.8314929295447655e-05,1.867038918135222e-05,0.00020682107424363494
1569,156900.0,2.5860676765441895,0.0006799622788093984,5.345214049157221e-08,2.642033177835401e-05,1.9400535165914334e-05,0.00020661331654991955
1570,157000.0,2.591090679168701,0.0004975485499016941,1.9617483815181913e-07,1.900667484733276e-05,2.2185522539075464e-05,0.00020640576258301735
1571,157100.0,2.7009663581848145,0.0009040933800861239,3.516316269269737e-07,3.5319593735039234e-05,2.0751891497639008e-05,0.00020619841234292835
1572,157200.0,2.596259832382202,0.0007299720891751349,8.226772507669011e-08,2.8394422770361416e-05,2.0029272491228767e-05,0.000205991294933483
1573,157300.0,2.7806410789489746,0.00011048359738197178,9.971128633878834e-08,3.6502010516414884e-06,1.9128861822537147e-05,0.00020578436669893563
1574,157400.0,2.825509548187256,0.00035399215994402766,3.590800190522714e-08,1.331116072833538e-05,2.1177242160774767e-05,0.0002055776712950319
1575,157500.0,2.7982447147369385,0.0004003807553090155,4.744763870689894e-08,1.5239678759826347e-05,1.9341370716574602e-05,0.0002053711359621957
1576,157600.0,2.870772123336792,0.0010408615926280618,2.1495969804163906e-07,4.0858845750335604e-05,1.91755716514308e-05,0.00020516484801191837
1577,157700.0,3.0166454315185547,0.0005863159312866628,1.389365564818945e-07,2.260200744785834e-05,2.112679612764623e-05,0.00020495876378845423
1578,157800.0,2.9109110832214355,0.0005069829639978707,3.9309159660660953e-07,1.9473765860311687e-05,1.9745726604014635e-05,0.00020475285418797284
1579,157900.0,2.738140344619751,0.0005660671158693731,4.368177712876786e-07,2.162913733627647e-05,2.4901850338210352e-05,0.00020454719197005033
1580,158000.0,2.715226411819458,0.0001380559551762417,1.8042273453033886e-08,4.763783181260806e-06,1.8943337636301294e-05,0.00020434170437511057
1581,158100.0,2.7499468326568604,0.00018751829338725656,5.7711289969120116e-08,6.743282028764952e-06,1.8878537957789376e-05,0.000204136420506984
1582,158200.0,2.7667226791381836,0.00040973341674543917,7.045782268733092e-08,1.5602834537276067e-05,1.959209839696996e-05,0.00020393136946950108
1583,158300.0,2.602412223815918,0.0013540079817175865,3.38469163807531e-07,5.338494884199463e-05,1.9045863155042753e-05,0.00020372652215883136
1584,158400.0,2.7645888328552246,0.0006393223884515464,7.965395099063244e-08,2.4713683160371147e-05,2.1400683181127533e-05,0.00020352189312689006
1585,158500.0,2.762066125869751,0.0002213722182204947,1.0334491484798036e-08,7.999877198017202e-06,2.136495641025249e-05,0.0002033174387179315
1586,158600.0,2.7622058391571045,0.00048496812814846635,2.2198227611625043e-07,1.8705008187680505e-05,1.7120946722570807e-05,0.00020311318803578615
1587,158700.0,2.6547069549560547,0.0011673161061480641,3.082201942561369e-07,4.586288923746906e-05,2.043568565568421e-05,0.00020290917018428445
1588,158800.0,2.739624261856079,0.0012115362333133817,7.60904413255048e-07,4.7529723815387115e-05,2.2532343791681342e-05,0.00020270532695576549
1589,158900.0,2.786513328552246,0.0004039205959998071,3.691232564051461e-08,1.5393856301670894e-05,1.9037266611121595e-05,0.0002025017311098054
1590,159000.0,2.850834608078003,0.0005489274044521153,1.231211115282349e-07,2.1185021978453733e-05,1.9178713046130724e-05,0.00020229830988682806
1591,159100.0,2.8167762756347656,0.0007254578522406518,1.0665814897947712e-07,2.8260594262974337e-05,1.8836333765648305e-05,0.0002020950778387487
1592,159200.0,2.599398374557495,0.0005607502534985542,7.777533994612895e-08,2.1755975467385724e-05,1.677309410297312e-05,0.00020189207862131298
1593,159300.0,2.5877373218536377,0.0004978588549420238,1.0247177328892576e-07,1.9125720427837223e-05,1.961338784894906e-05,0.00020168925402686
1594,159400.0,2.6263906955718994,0.00015368427557405084,3.60003475918802e-08,5.374308329919586e-06,1.9290577256469987e-05,0.0002014866768149659
1595,159500.0,2.723054885864258,0.0011524255387485027,1.1784487696786528e-07,4.5070613850839436e-05,2.5542316507198848e-05,0.00020128428877796978
1596,159600.0,2.651484489440918,0.0005383590469136834,1.0484374257657691e-07,2.0803398001589812e-05,1.8169313989346847e-05,0.0002010820753639564
1597,159700.0,2.6269407272338867,0.0002510117774363607,2.6883132164812196e-08,9.259602848032955e-06,1.949480065377429e-05,0.00020088009478058666
1598,159800.0,2.596677780151367,0.00067275355104357,1.4198360531736398e-07,2.6114523279829882e-05,1.97485296666855e-05,0.00020067828882019967
1599,159900.0,2.598402261734009,0.00034485626383684576,3.125693837091603e-08,1.3050353118160274e-05,1.8566181097412482e-05,0.00020047673024237156
1600,160000.0,2.5972981452941895,0.00040635443292558193,8.237786630616029e-08,1.5423851436935365e-05,2.0675777705037035e-05,0.00020027531718369573
1601,160100.0,2.845466375350952,0.000866617658175528,1.8998207451659255e-07,3.3940599678317085e-05,1.791266186046414e-05,0.00020007412240374833
1602,160200.0,2.7711341381073,0.00038089597364887595,4.8468010049873556e-08,1.4397651284525637e-05,2.090624184347689e-05,0.00019987314590252936
1603,160300.0,2.6254725456237793,0.0009180345223285258,1.119710262287299e-07,3.5977078368887305e-05,1.8495544281904586e-05,0.00019967235857620835
1604,160400.0,2.587724447250366,8.669146336615086e-05,1.2423722495213951e-08,2.7861312901222846e-06,1.702575718809385e-05,0.000199471804080531
1605,160500.0,2.5838539600372314,6.204684177646413e-05,1.1626612561599359e-08,1.7029136643031961e-06,1.9462369891698472e-05,0.0001992714242078364
1606,160600.0,2.5873687267303467,0.00015041077858768404,1.002461491594886e-08,5.229172529652715e-06,1.9671435438795015e-05,0.00019907123351003975
1607,160700.0,2.595409631729126,0.0012590973637998104,2.433906161058985e-07,4.953784809913486e-05,2.0407756892382167e-05,0.00019887127564288676
1608,160800.0,2.656127452850342,0.0008538294932805002,7.456003459083149e-08,3.333593122079037e-05,2.0356646928121336e-05,0.00019867152150254697
1609,160900.0,2.866495370864868,0.0009760722750797868,1.5339173842221498e-07,3.822191138169728e-05,2.037110061792191e-05,0.00019847194198518991
1610,161000.0,2.964188814163208,0.0006936777499504387,9.875414264115534e-08,2.6979831091011874e-05,1.908321246446576e-05,0.00019827256619464606
1611,161100.0,3.0646233558654785,0.00031051726546138525,5.739392250347919e-08,1.156647613242967e-05,2.129798667738214e-05,0.0001980733941309154
1612,161200.0,2.8652470111846924,0.00025418709265068173,4.35264126963375e-08,9.412618055648636e-06,1.882809192466084e-05,0.00019787444034591317
1613,161300.0,2.732693910598755,0.0004808202211279422,9.43510443107698e-08,1.846679333539214e-05,1.9056016753893346e-05,0.00019767564663197845
1614,161400.0,2.7158985137939453,0.0002683516649994999,7.93881511640393e-08,1.0017450222221669e-05,1.783603147487156e-05,0.0001974770857486874
1615,161500.0,2.5966386795043945,0.00030766104464419186,1.3210812710440223e-07,1.1398788046790287e-05,2.2559255739906803e-05,0.0001972787140402943
1616,161600.0,2.676804780960083,4.631114279618487e-05,2.1572480690679185e-08,1.0269358199366252e-06,2.061617669824045e-05,0.00019708053150679916
1617,161700.0,2.7390575408935547,0.00038798051537014544,1.3743979820901586e-07,1.476092165830778e-05,1.8820062905433588e-05,0.00019688256725203246
1618,161800.0,2.7254576683044434,0.0004692119837272912,9.789438593088562e-08,1.7970061890082434e-05,1.986253118957393e-05,0.00019668480672407895
1619,161900.0,2.810788631439209,0.0002575692778918892,5.9188803192000705e-08,9.529259841656312e-06,1.9278593754279427e-05,0.00019648723537102342
1620,162000.0,2.7284069061279297,6.52893868391402e-05,1.744474076303959e-08,1.8790328795148525e-06,1.8296117559657432e-05,0.00019628983864095062
1621,162100.0,2.8227155208587646,0.000549335265532136,2.2651558140296402e-07,2.122186924680136e-05,1.856203016359359e-05,0.00019609264563769102
1622,162200.0,2.7636401653289795,0.00013729440979659557,4.7599687746924246e-08,4.787753368873382e-06,1.7552982171764597e-05,0.00019589568546507508
1623,162300.0,2.8268539905548096,0.0005330611602403224,4.05766691358167e-08,2.055148252111394e-05,1.923351919685956e-05,0.00019569888536352664
1624,162400.0,2.858663320541382,0.00021638885664287955,3.0550239671356394e-08,7.96195581642678e-06,1.730941039568279e-05,0.00019550230354070663
1625,162500.0,2.8698019981384277,0.00030009853071533144,3.323112096609293e-08,1.1087096027040388e-05,2.2887898012413643e-05,0.00019530592544469982
1626,162600.0,2.6868045330047607,0.0007044781814329326,9.027952785345406e-08,2.740141462709289e-05,1.935254294949118e-05,0.00019510972197167575
1627,162700.0,2.844029664993286,0.0007297627744264901,9.190309668838381e-08,2.8415906854206696e-05,1.927319863170851e-05,0.00019491375132929534
1628,162800.0,2.923820734024048,0.0006077464786358178,1.0705672792710175e-07,2.3526084987679496e-05,1.9487262761685997e-05,0.00019471794075798243
1629,162900.0,3.0400784015655518,0.00020941563707310706,2.748884675440877e-08,7.6155142778588925e-06,1.9000284737558104e-05,0.00019452236301731318
1630,163000.0,2.932231903076172,0.00044899951899424195,5.0738673706973714e-08,1.722123852232471e-05,1.8417822502669878e-05,0.00019432695989962667
1631,163100.0,2.9183740615844727,0.00022704474395141006,4.181525881108428e-08,8.396270459343214e-06,1.7096164810936898e-05,0.0001941317314049229
1632,163200.0,2.611253499984741,0.0004463254299480468,8.063526024670864e-08,1.7036676581483334e-05,2.0327872334746644e-05,0.00019393675029277802
1633,163300.0,2.589155435562134,0.00036833397462032735,1.6969541150047007e-07,1.3884228792448994e-05,2.1058540369267575e-05,0.00019374190014787018
1634,163400.0,2.591440200805664,0.0003392195503693074,6.18444033761989e-08,1.2813469766115304e-05,1.8820939658326097e-05,0.00019354729738552123
1635,163500.0,2.5967233180999756,0.00025838991859927773,6.249594974860884e-08,9.589167348167393e-06,1.859823714767117e-05,0.00019335286924615502
1636,163600.0,2.5960378646850586,0.00010322848538635299,4.594662783574677e-08,3.4031932045763824e-06,1.8102709873346612e-05,0.00019315861572977155
1637,163700.0,2.6061480045318604,0.0001238952245330438,2.1170951214344313e-08,4.199580871500075e-06,1.888453698484227e-05,0.00019296460959594697
1638,163800.0,2.8512282371520996,0.0005590444197878242,8.100996495841173e-08,2.1479008864844218e-05,2.1988171283737756e-05,0.0001927707635331899
1639,163900.0,2.8749382495880127,0.00021083351748529822,4.125196184645574e-08,7.627644208696438e-06,2.01011589524569e-05,0.00019257713574916124
1640,164000.0,2.8021035194396973,5.558039265451953e-05,7.749740404960903e-09,1.441425865778001e-06,1.953699938894715e-05,0.0001923836680362001
1641,164100.0,2.7388994693756104,0.0013379169395193458,1.4059645536690368e-07,5.263828643364832e-05,2.18191125895828e-05,0.00019219040405005217
1642,164200.0,2.94197678565979,0.0003330979379825294,1.0835640296136262e-07,1.258782413060544e-05,1.829398206609767e-05,0.00019199735834263265
1643,164300.0,2.6105921268463135,0.00020433860481716692,2.99616473853348e-08,7.42748670745641e-06,1.8621476556290872e-05,0.00019180448725819588
1644,164400.0,2.600346565246582,0.00014148344052955508,7.556833736543922e-08,4.9748159653972834e-06,1.7037467841873877e-05,0.00019161183445248753
1645,164500.0,2.7564494609832764,0.00041903226519934833,2.460323571540357e-07,1.5997769878595136e-05,1.884196353785228e-05,0.0001914193417178467
1646,164600.0,2.8865694999694824,0.00033574565895833075,7.064419094149343e-08,1.2733971743728034e-05,1.732573946355842e-05,0.00019122703815810382
1647,164700.0,2.975621461868286,0.0003455306577961892,4.357354654871415e-08,1.3049194421910215e-05,1.9257220628787763e-05,0.0001910349674290046
1648,164800.0,2.8784916400909424,0.0009416237589903176,1.4787373459057562e-07,3.701364403241314e-05,1.6134839825099334e-05,0.0001908430567709729
1649,164900.0,2.7369234561920166,0.0005878559895791113,1.024842006813742e-07,2.2800599253969267e-05,1.7738484530127607e-05,0.00019065136439166963
1650,165000.0,2.825209379196167,0.0006403964362107217,4.2101572717001545e-07,2.4845494408509694e-05,1.883805998659227e-05,0.00019045986118726432
1651,165100.0,2.968238592147827,0.0025307629257440567,3.9873575019555574e-07,0.00010037078754976392,2.1094394469400868e-05,0.00019026848895009607
1652,165200.0,2.835714101791382,0.00045609273365698755,1.774350408823011e-07,1.7407808627467602e-05,2.0720079191960394e-05,0.00019007739319931716
1653,165300.0,2.657278299331665,0.00032369024120271206,4.563261413181863e-08,1.2204434824525379e-05,1.853373396443203e-05,0.0001898864284157753
1654,165400.0,2.5906121730804443,0.00011526855814736336,1.4467684650298906e-07,3.7725687889178516e-06,2.0809657144127414e-05,0.00018969571101479232
1655,165500.0,2.588761568069458,0.0005332258879207075,7.404364765761784e-08,2.0601451979018748e-05,1.81155792233767e-05,0.00018950513913296163
1656,165600.0,2.6335203647613525,0.0005157654522918165,2.0554026036734285e-07,1.99046844500117e-05,1.7942797057912685e-05,0.00018931477097794414
1657,165700.0,2.8325107097625732,0.0004440046031959355,5.034703676187746e-08,1.704248643363826e-05,1.7892101823235862e-05,0.00018912462110165507
1658,165800.0,2.785144805908203,0.0002575865073595196,2.3444793839644262e-07,9.464884897170123e-06,2.0729934476548806e-05,0.0001889346312964335
1659,165900.0,2.693814516067505,0.0006725096609443426,5.270610614616089e-08,2.6056653950945474e-05,2.1040605133748613e-05,0.00018874484521802515
1660,166000.0,2.700688123703003,0.0005275090807117522,8.677370999521372e-08,2.022018816205673e-05,2.191759085690137e-05,0.00018855524831451476
1661,166100.0,2.7365684509277344,0.0007297627162188292,1.7877182756365073e-07,2.8295975425862707e-05,2.2184547560755163e-05,0.00018836584058590233
1662,166200.0,2.6046416759490967,0.0007127832504920661,4.752719462430832e-08,2.781815783237107e-05,1.7281712644034997e-05,0.0001881766365841031
1663,166300.0,2.595738410949707,0.0011002995306625962,1.1478627470751235e-07,4.325715417508036e-05,1.8755898054223508e-05,0.0001879875926533714
1664,166400.0,2.587688446044922,0.0006001041037961841,2.4203575321735116e-07,2.3159944248618558e-05,2.0863510144408792e-05,0.00018779875244945288
1665,166500.0,2.6130590438842773,0.0008992035291157663,2.1604941480291018e-07,3.52026654582005e-05,1.8920818547485396e-05,0.00018761010142043233
1666,166600.0,2.5888025760650635,0.0002648067311383784,3.784387203609185e-08,9.897137715597637e-06,1.7340427802992053e-05,0.0001874216104624793
1667,166700.0,2.590451955795288,0.0001668070472078398,2.9840645510148534e-08,5.8542036640574224e-06,2.0422117813723162e-05,0.00018723336688708514
1668,166800.0,2.592632532119751,0.00013735867105424404,5.207707332033351e-08,4.8019260248111095e-06,1.7258444131584838e-05,0.00018704526883084327
1669,166900.0,2.5890400409698486,0.0009510003728792071,1.1324866022732749e-07,3.712303805514239e-05,2.2811196686234325e-05,0.00018685741815716028
1670,167000.0,2.5904784202575684,0.00046366191236302257,6.29458867251742e-08,1.7783084331313148e-05,1.9021847037947737e-05,0.00018666969845071435
1671,167100.0,2.823180675506592,7.086613186402246e-05,2.205432458879386e-08,2.0181475974823115e-06,2.039038918155711e-05,0.00018648216791916639
1672,167200.0,2.736706256866455,0.0006388788460753858,2.6591467872094654e-07,2.4758523068157956e-05,1.9649864043458365e-05,0.00018629484111443162
1673,167300.0,2.76705265045166,0.0004943432868458331,1.487836414071353e-07,1.889483792183455e-05,2.1823589122504927e-05,0.00018610770348459482
1674,167400.0,2.7479259967803955,3.8751200918341056e-05,1.674929883677123e-08,9.63911588769406e-07,1.4636661944678053e-05,0.00018592076958157122
1675,167500.0,2.7353882789611816,0.0003212302108295262,4.6483084048531964e-08,1.2185196283098776e-05,1.6553809473407455e-05,0.00018573401030153036
1676,167600.0,2.7277424335479736,0.0005566082545556128,1.0982218867638949e-07,2.1419840777525678e-05,2.1002393623348325e-05,0.00018554742564447224
1677,167700.0,2.823654890060425,0.0007899592746980488,3.605042024901195e-07,3.0925391911296174e-05,1.6464000509586185e-05,0.00018536104471422732
1678,167800.0,2.8020825386047363,0.000198898691451177,2.011444699689946e-08,7.146883035602514e-06,2.0206498447805643e-05,0.00018517483840696514
1679,167900.0,2.6738364696502686,0.0004987870925106108,1.3376146057453298e-07,1.9254348444519565e-05,1.7294629287789576e-05,0.00018498883582651615
1680,168000.0,2.580566644668579,0.00020993548969272524,4.0554411384619016e-08,7.600199296575738e-06,1.9889946997864172e-05,0.00018480299331713468
1681,168100.0,2.8268110752105713,0.0005598929710686207,5.9326172419105205e-08,2.163537465094123e-05,1.8949258446809836e-05,0.0001846173545345664
1682,168200.0,2.7374205589294434,0.0002248245436931029,2.8117810302319413e-08,8.291498488688376e-06,1.7508968085166998e-05,0.00018443191947881132
1683,168300.0,2.8027331829071045,0.0006079990416765213,2.4314292090821255e-07,2.3624630557605997e-05,1.7140142517746426e-05,0.00018424664449412376
1684,168400.0,2.704129934310913,0.00036805434501729906,5.069253816714081e-08,1.4057368389330804e-05,1.6569414583500475e-05,0.00018406155868433416
1685,168500.0,2.8163528442382812,0.0002306856185896322,9.289091451591958e-08,8.509652616339736e-06,1.7851416487246752e-05,0.00018387667660135776
1686,168600.0,2.97880220413208,7.563968392787501e-05,2.159544898461263e-08,2.3851739570091013e-06,1.5988736777217127e-05,0.00018369194003753364
1687,168700.0,3.0511667728424072,0.0003044155309908092,2.9157908087995565e-08,1.1567167348403018e-05,1.5207179785647895e-05,0.00018350743630435318
1688,168800.0,2.991870164871216,0.000677244272083044,1.2758414413838182e-07,2.6250463633914478e-05,2.0855091861449182e-05,0.00018332309264224023
1689,168900.0,2.837554931640625,0.0006682114326395094,7.676235469489257e-08,2.592434066173155e-05,2.0026118363603018e-05,0.0001831389672588557
1690,169000.0,2.80791974067688,0.00011628480569925159,1.9524232897083493e-08,4.026963779324433e-06,1.5591189367114566e-05,0.00018295497284270823
1691,169100.0,2.8814449310302734,0.0004519447102211416,1.3323662528819114e-07,1.732796044962015e-05,1.861244709289167e-05,0.00018277116760145873
1692,169200.0,2.8069610595703125,0.000784163421485573,1.5086773430539324e-07,3.067749639740214e-05,1.707515912130475e-05,0.00018258758063893765
1693,169300.0,2.8358352184295654,0.0008848244906403124,1.5301189648653235e-07,3.47200439136941e-05,1.6670381228323095e-05,0.00018240416829939932
1694,169400.0,2.757678985595703,7.006279338384047e-05,1.2094877099855239e-08,2.2177036953507923e-06,1.4608104720537085e-05,0.00018222095968667418
1695,169500.0,2.7518811225891113,0.0006260104710236192,7.374139698868021e-08,2.4067074264166877e-05,2.4259825295303017e-05,0.00018203789659310132
1696,169600.0,2.7388157844543457,0.00010306936746928841,1.7244900618607062e-08,3.4950319331983337e-06,1.5676328985136934e-05,0.00018185503722634166
1697,169700.0,2.6172189712524414,0.0002985000319313258,1.1595489013416227e-07,1.1314094081171788e-05,1.553173024149146e-05,0.00018167236703447998
1698,169800.0,2.6806693077087402,0.00046613914310000837,5.843500971991489e-08,1.8010137864621356e-05,1.582724325999152e-05,0.00018148984236177057
1699,169900.0,2.807467222213745,0.00011361078941263258,1.1900081808846608e-08,3.769538125197869e-06,1.9360435544513166e-05,0.00018130756507162005
1700,170000.0,2.743332624435425,0.0004919612547382712,6.952850384323028e-08,1.8964545233757235e-05,1.7778111214283854e-05,0.00018112541874870658
1701,170100.0,2.982687473297119,0.0006032211822457612,1.9735514911189966e-07,2.3414339011651464e-05,1.76653284142958e-05,0.00018094346160069108
1702,170200.0,2.7936689853668213,0.00019594757759477943,3.3900835916256256e-08,7.183655270637246e-06,1.6322290321113542e-05,0.000180761722731404
1703,170300.0,2.767327308654785,0.0008171715307980776,1.538436293913037e-07,3.1949366530170664e-05,1.8283524696016684e-05,0.00018058012938126922
1704,170400.0,2.7181310653686523,0.0007878572214394808,1.654513539506297e-07,3.073124389629811e-05,1.941070513566956e-05,0.00018039875430986285
1705,170500.0,2.761094093322754,0.00021959592413622886,3.586994168358615e-08,8.06340995040955e-06,1.7974796719499864e-05,0.00018021752475760877
1706,170600.0,2.828730583190918,0.0001688125921646133,6.062906265924539e-08,5.960162980045425e-06,1.9747891201404855e-05,0.0001800364989321679
1707,170700.0,2.905791997909546,0.0006187271792441607,3.313548688765877e-07,2.3962849809322506e-05,1.9324519598740153e-05,0.00017985563317779452
1708,170800.0,2.7920725345611572,0.0003128106181975454,6.572540911520264e-08,1.1892107977473643e-05,1.544221413496416e-05,0.0001796749565983191
1709,170900.0,2.797431707382202,0.0007344930781982839,1.2222891143665038e-07,2.8618038413696922e-05,1.8919879948953167e-05,0.00017949449829757214
1710,171000.0,3.0780556201934814,0.0005209737573750317,6.00549654450333e-08,2.0147519535385072e-05,1.7225673218490556e-05,0.00017931417096406221
1711,171100.0,2.8739919662475586,0.0009129454265348613,6.751745473820847e-08,3.57621829607524e-05,1.8823293430614285e-05,0.00017913401825353503
1712,171200.0,2.867856025695801,0.00027155785937793553,2.613057858980028e-07,1.010038613458164e-05,1.8786906366585754e-05,0.00017895411292556673
1713,171300.0,2.746572971343994,0.00017191199003718793,3.1570170477834836e-08,6.101847247919068e-06,1.9334247554070316e-05,0.0001787743385648355
1714,171400.0,2.708467483520508,0.0008521757554262877,2.5542919956933474e-07,3.324315184727311e-05,2.084157313220203e-05,0.00017859476793091744
1715,171500.0,2.592869997024536,0.0011873303446918726,1.7672459762252402e-07,4.6526525693479925e-05,2.3990463887457736e-05,0.0001784153573680669
1716,171600.0,2.621610164642334,0.0010169335873797536,1.4922648006177042e-07,3.9953691157279536e-05,1.794198942661751e-05,0.00017823613598011434
1717,171700.0,2.817171096801758,0.00015261479711625725,3.7826065835133704e-08,5.431777026387863e-06,1.6782541933935136e-05,0.00017805710376705974
1718,171800.0,2.974315881729126,0.00032352565904147923,1.6718263395887334e-07,1.224570587510243e-05,1.7215837942785583e-05,0.0001778782025212422
1719,171900.0,2.886152744293213,0.000641839811578393,9.341041362631586e-08,2.4806467990856618e-05,2.1584697606158443e-05,0.00017769954865798354
1720,172000.0,2.878538131713867,0.0002133350499207154,1.1280467759888779e-07,7.83570339990547e-06,1.7329661204712465e-05,0.00017752102576196194
1721,172100.0,2.8299560546875,0.000243125410634093,5.5509769225636774e-08,9.034319191414397e-06,1.721192165859975e-05,0.00017734267748892307
1722,172200.0,2.5946762561798096,0.0001122394241974689,1.7856990552900243e-08,3.785711214732146e-06,1.75787863554433e-05,0.00017716454749461263
1723,172300.0,2.776893138885498,7.144535629777238e-05,3.0067877077044614e-08,2.0814018171222415e-06,1.938024979608599e-05,0.0001769865775713697
1724,172400.0,2.6372365951538086,0.0005005091661587358,1.1383095710471025e-07,1.9280028936918825e-05,1.839455944718793e-05,0.00017680881137493998
1725,172500.0,2.7425389289855957,0.0006225766846910119,6.775858452101602e-08,2.420419332338497e-05,1.7404090613126755e-05,0.00017663119069766253
1726,172600.0,3.0276570320129395,0.00015825324226170778,2.407269761306452e-08,5.706652700609993e-06,1.5562856788164936e-05,0.00017645374464336783
1727,172700.0,2.8329689502716064,0.0007108075660653412,7.35046512545523e-08,2.7663740183925256e-05,1.914052336360328e-05,0.00017627651686780155
1728,172800.0,2.858872413635254,0.00030109717044979334,5.310382178436157e-08,1.1335346243868116e-05,1.7660406228969805e-05,0.00017609944916330278
1729,172900.0,2.8476295471191406,0.0011190611403435469,7.565281379129374e-08,4.3985746742691845e-05,1.9341794541105628e-05,0.00017592257063370198
1730,173000.0,2.980445623397827,0.0005611284868791699,9.341697193576692e-08,2.1721831217291765e-05,1.7989294065046124e-05,0.00017574583762325346
1731,173100.0,3.0251097679138184,0.00016214999777730554,8.459309697173012e-08,5.884199708816595e-06,1.4960411135689355e-05,0.00017556926468387246
1732,173200.0,3.006157875061035,0.0003696203348226845,2.3727889697511273e-07,1.407518266205443e-05,1.7503492927062325e-05,0.00017539293912705034
1733,173300.0,2.6439688205718994,0.0005742075736634433,2.2463433424491086e-07,2.229802885267418e-05,1.6532254448975436e-05,0.00017521672998555005
1734,173400.0,2.62980055809021,0.00032638819538988173,4.533357866876031e-08,1.2386667549435515e-05,1.6676181985531002e-05,0.00017504071001894772
1735,173500.0,2.6296873092651367,0.00038131882320158184,3.5124898545291217e-08,1.4537677088810597e-05,1.784176674846094e-05,0.00017486486467532814
1736,173600.0,2.6386377811431885,0.00025095909950323403,3.637412504531312e-08,9.41760663408786e-06,1.5482562957913615e-05,0.00017468920850660652
1737,173700.0,2.7426953315734863,0.0004818401939701289,9.126512168222689e-08,1.864356454461813e-05,1.565981438034214e-05,0.0001745137560646981
1738,173800.0,2.670090436935425,8.797882765065879e-05,4.137163500672614e-08,2.82358246295189e-06,1.7347898392472416e-05,0.0001743384200381115
1739,173900.0,2.7341952323913574,0.0005662547191604972,7.746909602701635e-08,2.206304452556651e-05,1.4601174370909575e-05,0.00017416331684216857
1740,174000.0,2.686411142349243,0.00028968448168598115,7.002109470022333e-08,1.0858881978492718e-05,1.8142402041121386e-05,0.0001739883446134627
1741,174100.0,2.73512601852417,0.00032269785879179835,4.257184116340795e-08,1.2293235158722382e-05,1.5324396372307092e-05,0.00017381357611157
1742,174200.0,2.631030559539795,0.00076674745650962,1.5703082567597448e-07,2.9828577680746093e-05,2.0875921109109186e-05,0.00017363899678457528
1743,174300.0,2.7544877529144287,0.0006811514031141996,2.018165332628996e-07,2.6461078959982842e-05,1.942260132636875e-05,0.00017346456297673285
1744,174400.0,2.937748670578003,0.0007055007736198604,9.405391665495699e-08,2.7484215024742298e-05,1.83013344212668e-05,0.00017329030379187316
1745,174500.0,2.8783071041107178,5.195648191147484e-05,8.995931111144273e-09,1.4914862731529865e-06,1.4660328815807588e-05,0.00017311624833382666
1746,174600.0,2.963334560394287,0.0003731192846316844,1.305848371657703e-07,1.416646409779787e-05,1.8827106032404117e-05,0.00017294233839493245
1747,174700.0,3.0009584426879883,0.0002222461043857038,1.161015390493958e-07,8.320484084833879e-06,1.4117900718702003e-05,0.00017276860307902098
1748,174800.0,3.0321602821350098,0.00016474910080432892,8.254501082660681e-09,5.894786681892583e-06,1.7371192370774224e-05,0.00017259505693800747
1749,174900.0,2.613919973373413,0.000753902131691575,1.1204792826902121e-07,2.945163032563869e-05,1.7499321984359995e-05,0.00017242169997189194
1750,175000.0,2.6363070011138916,0.00034570973366498947,1.2598670195984596e-07,1.3105106518196408e-05,1.795607568055857e-05,0.00017224847397301346
1751,175100.0,2.730552911758423,0.0004544924886431545,8.652538241449292e-08,1.750140836520586e-05,1.687076292000711e-05,0.00017207543714903295
1752,175200.0,2.5935885906219482,0.00014748063404113054,6.5297935947228325e-09,5.261466867523268e-06,1.5937432181090117e-05,0.00017190261860378087
1753,175300.0,2.5933303833007812,0.0002666544751264155,3.536343839982692e-08,9.965683602786157e-06,1.7477022993261926e-05,0.00017172990192193538
1754,175400.0,2.6249747276306152,0.00041082160896621644,5.456631058109451e-08,1.582653021614533e-05,1.5103775695024524e-05,0.00017155740351881832
1755,175500.0,2.590062379837036,0.0003998692554887384,1.0664947325267349e-07,1.5289231669157743e-05,1.753182732500136e-05,0.000171385079738684
1756,175600.0,2.618110418319702,0.00017684728663880378,5.228853083849572e-08,6.465853857662296e-06,1.5148667444009334e-05,0.00017121290147770196
1757,175700.0,2.771526575088501,0.0001499789213994518,5.2943203598943e-08,5.378420610213652e-06,1.5465466276509687e-05,0.00017104092694353312
1758,175800.0,2.5834662914276123,0.00020128797041252255,1.877273447803418e-08,7.371319043159019e-06,1.698622145340778e-05,0.0001708691124804318
1759,175900.0,2.599411725997925,9.171840065391734e-05,1.607252464452813e-08,3.038598151761107e-06,1.5737374269519933e-05,0.00017069748719222844
1760,176000.0,2.5921812057495117,0.00044616611558012664,1.1759034634906129e-07,1.7258729712921195e-05,1.4580292372556869e-05,0.00017052600742317736
1761,176100.0,2.854126214981079,0.00048804093967191875,5.45906964077858e-08,1.8730655938270502e-05,1.9719947886187583e-05,0.0001703546877251938
1762,176200.0,2.6066324710845947,0.0005999577115289867,2.1278452777551138e-07,2.3240785594680347e-05,1.872527900559362e-05,0.00017018357175402343
1763,176300.0,2.5917422771453857,0.0006441071163862944,8.27690413984783e-08,2.512741048121825e-05,1.5839064872125164e-05,0.00017001261585392058
1764,176400.0,2.8487887382507324,0.000263127323705703,1.377778602318358e-07,9.790723197511397e-06,1.8221473510493524e-05,0.0001698418491287157
1765,176500.0,2.859099864959717,0.0008472076733596623,1.407924088425716e-07,3.315487629151903e-05,1.8194961739936844e-05,0.00016967121337074786
1766,176600.0,2.653712034225464,0.0005300933262333274,5.434447558627653e-08,2.054729156952817e-05,1.635662920307368e-05,0.000169500766787678
1767,176700.0,2.746695041656494,0.00021599973842967302,4.243403850523464e-08,7.949645805638283e-06,1.7216150808962993e-05,0.00016933052393142134
1768,176800.0,2.5965235233306885,0.002089527901262045,1.4182597851686296e-07,8.2825543358922e-05,1.8747454305412248e-05,0.00016916041204240173
1769,176900.0,2.786268949508667,0.00039611198008060455,7.779153321507692e-08,1.50246605699067e-05,2.041767947957851e-05,0.00016899051843211055
1770,177000.0,2.6389129161834717,0.00010956816549878567,3.583780028293404e-08,3.7147137845749967e-06,1.6664480426697992e-05,0.0001688207412371412
1771,177100.0,2.70576810836792,0.00026961902040056884,6.317760892216029e-08,1.0022566129919142e-05,1.8991671822732314e-05,0.00016865113866515458
1772,177200.0,2.5997049808502197,0.0004714912793133408,6.012366071672659e-08,1.8155591533286497e-05,1.754136428644415e-05,0.00016848173981998116
1773,177300.0,2.5839715003967285,0.0007145252893678844,3.496237752642628e-07,2.7893180231330916e-05,1.684615563135594e-05,0.00016831251559779048
1774,177400.0,2.58168363571167,0.00017114290676545352,7.387598799368789e-08,6.1583755268657114e-06,1.710963260848075e-05,0.00016814342234283686
1775,177500.0,2.5754923820495605,0.0006633648299612105,9.746553075729025e-08,2.5751936846063472e-05,1.9468938262434676e-05,0.00016797450371086597
1776,177600.0,2.582826614379883,0.00023136468371376395,6.40176267552306e-08,8.543211151845753e-06,1.7720389223541133e-05,0.0001678057888057083
1777,177700.0,2.5805323123931885,0.0006466752383857965,2.86970021079469e-07,2.514192419766914e-05,1.7840167856775224e-05,0.0001676372194197029
1778,177800.0,2.5799527168273926,0.00040193815948441625,1.3260590492336632e-07,1.5315554264816456e-05,1.8916702174465172e-05,0.000167468810104765
1779,177900.0,2.584484100341797,0.00026557542150840163,5.821079085421843e-08,9.924429832608439e-06,1.740648440318182e-05,0.0001673006045166403
1780,178000.0,2.5890209674835205,0.0001878677576314658,4.808431341984942e-08,6.795163244532887e-06,1.794058880477678e-05,0.00016713252989575267
1781,178100.0,2.6922006607055664,0.0006115951109677553,7.484644015676167e-08,2.372173548792489e-05,1.8476846889825538e-05,0.00016696462989784777
1782,178200.0,2.582834005355835,0.0003921701281797141,1.392401713928848e-07,1.4957738130760845e-05,1.8087461285176687e-05,0.00016679693362675607
1783,178300.0,2.5871310234069824,0.00023097197117749602,1.274931662464951e-07,8.606065421190578e-06,1.5692841770942323e-05,0.00016662938287481666
1784,178400.0,2.62222957611084,0.00011417404311941937,1.3636721973853128e-08,3.956402906624135e-06,1.5250333490257617e-05,0.00016646199219394475
1785,178500.0,2.693359851837158,0.00045492369099520147,1.5135826458845258e-07,1.7374297385686077e-05,2.0414881873875856e-05,0.00016629476158414036
1786,178600.0,2.6213161945343018,0.0003968338423874229,9.106025089522518e-08,1.5192807040875778e-05,1.6922591385082342e-05,0.00016612772014923394
1787,178700.0,2.683767080307007,0.0002840509114321321,6.33495815804963e-08,1.0682329047995154e-05,1.6929332559811883e-05,0.00016596085333731025
1788,178800.0,2.5850884914398193,9.59552126005292e-05,2.402343746155111e-08,3.1807683171791723e-06,1.6411977412644774e-05,0.00016579411749262363
1789,178900.0,2.6694934368133545,0.00016154718468897045,6.326710177972927e-08,5.735058493883116e-06,1.810746471164748e-05,0.0001656275853747502
1790,179000.0,2.7083327770233154,0.00017339657642878592,3.5315412816316893e-08,6.275837222347036e-06,1.646532655286137e-05,0.00016546121332794428
1791,179100.0,2.7215356826782227,0.00013659533578902483,2.2150352663175e-08,4.822078153665643e-06,1.6021229384932667e-05,0.00016529500135220587
1792,179200.0,2.677405834197998,0.00041525537380948663,2.8111573513456278e-08,1.587956285220571e-05,1.823819002311211e-05,0.0001651289639994502
1793,179300.0,2.755293130874634,0.0005242283805273473,5.908239941732063e-08,2.035703437286429e-05,1.5243417692545336e-05,0.00016496307216584682
1794,179400.0,2.6707119941711426,0.0005830787122249603,1.5358305915924575e-07,2.2665533833787777e-05,1.6286736354231834e-05,0.00016479738405905664
1795,179500.0,2.617757797241211,0.0004301526059862226,1.6570901095747104e-07,1.644665826461278e-05,1.8820430341293104e-05,0.00016463184147141874
1796,179600.0,2.622593879699707,0.00014963879948481917,2.6234580730033485e-08,5.2844466154056136e-06,1.7501393813290633e-05,0.00016446644440293312
1797,179700.0,2.6172080039978027,0.00034838836290873587,4.7636625311042735e-08,1.3227667295723222e-05,1.764903026924003e-05,0.00016430123650934547
1798,179800.0,2.613034248352051,0.0005521516432054341,5.3893074891675496e-08,2.144795871572569e-05,1.589876046637073e-05,0.00016413618868682534
1799,179900.0,2.611100912094116,0.0004586856812238693,7.60835803248483e-08,1.769978007359896e-05,1.6115111066028476e-05,0.00016397133003920317
1800,180000.0,2.6131880283355713,0.00033876035013236105,5.59792034948714e-08,1.2909858014609199e-05,1.5957915820763446e-05,0.00016380660235881805
1801,180100.0,2.8356807231903076,6.4770647441037e-05,1.55319597183734e-08,1.9534804778231774e-06,1.5918098142719828e-05,0.00016364202019758523
1802,180200.0,2.9501051902770996,0.0005501768318936229,1.575075856408148e-07,2.1287432900862768e-05,1.783346124284435e-05,0.00016347768541891128
1803,180300.0,2.9244725704193115,0.0003334836510475725,2.1935848337761854e-07,1.2611722922883928e-05,1.7971195120480843e-05,0.0001633134379517287
1804,180400.0,2.914365768432617,0.00032022001687437296,4.6746890802751295e-08,1.2089538358850405e-05,1.7934824427356943e-05,0.00016314940876327455
1805,180500.0,2.754992961883545,0.0004600837710313499,1.1131299970656983e-07,1.7746597222867422e-05,1.630751103220973e-05,0.00016298551054205745
1806,180600.0,2.705366611480713,0.00038126538856886327,1.7978180721911485e-07,1.445369707653299e-05,1.9743187294807285e-05,0.00016282177239190787
1807,180700.0,2.72125244140625,0.00026583802537061274,8.514431470985073e-08,1.0021984962804709e-05,1.5203233488136902e-05,0.00016265822341665626
1808,180800.0,2.7197024822235107,0.0006312682526186109,6.437480948306984e-08,2.459036659274716e-05,1.644473013584502e-05,0.00016249483451247215
1809,180900.0,2.5976479053497314,0.000475944543723017,1.452531819268188e-07,1.8349935999140143e-05,1.7050895621650852e-05,0.0001623316202312708
1810,181000.0,2.6135501861572266,0.0006610454875044525,1.829531726116329e-07,2.569513708294835e-05,1.8484146494301967e-05,0.00016216853691730648
1811,181100.0,2.7216503620147705,0.000329977017827332,5.029037808412795e-08,1.2515726666606497e-05,1.7033584299497306e-05,0.00016200562822632492
1812,181200.0,2.621624708175659,0.0003479935694485903,1.3002416210383672e-07,1.3179189409129322e-05,1.8383785572950728e-05,0.00016184290871024132
1813,181300.0,2.657711982727051,0.00028992953593842685,2.4805464704513724e-07,1.0958322491205763e-05,1.5723417163826525e-05,0.00016168032016139477
1814,181400.0,2.5930826663970947,0.00020645555923692882,8.389960726162826e-08,7.568488399556372e-06,1.715944745228626e-05,0.00016151789168361574
1815,181500.0,2.680116891860962,0.0003332126943860203,2.61344098362315e-07,1.2699661965598352e-05,1.5459776477655396e-05,0.0001613556669326499
1816,181600.0,2.778231143951416,0.00016807127394713461,2.6847864376122743e-08,6.130352176114684e-06,1.4785618986934423e-05,0.0001611935585970059
1817,181700.0,2.7607359886169434,0.00016744474123697728,9.433834691208176e-08,6.071296411391813e-06,1.5567989976261742e-05,0.0001610316539881751
1818,181800.0,2.5889086723327637,0.00046094911522231996,1.4055426333925425e-07,1.7733436834532768e-05,1.7472646504756995e-05,0.00016086988034658134
1819,181900.0,2.593531608581543,0.00017039687372744083,4.7516582668549745e-08,6.176732313178945e-06,1.59310620801989e-05,0.0001607082667760551
1820,182000.0,2.605346202850342,0.000461972551420331,1.412701777780967e-07,1.7813286831369624e-05,1.6499105186085217e-05,0.00016054684238042682
1821,182100.0,2.7133402824401855,0.00039762386586517096,1.8439897075950284e-07,1.5210948731692042e-05,1.7165746612590738e-05,0.00016038557805586606
1822,182200.0,2.7143356800079346,0.00026206448092125356,1.9464405198732493e-08,9.833007425186224e-06,1.6219812096096575e-05,0.0001602244738023728
1823,182300.0,2.592334508895874,0.0004780499148182571,3.5819209642795613e-07,1.843279278546106e-05,1.6871919797267765e-05,0.00016006351506803185
1824,182400.0,2.593266487121582,0.0004594277997966856,2.2155199985718355e-07,1.7720672985888086e-05,1.618945134396199e-05,0.0001599027164047584
1825,182500.0,2.588136911392212,0.0002764312084764242,1.567696905624416e-08,1.041760333464481e-05,1.5975432688719593e-05,0.0001597421069163829
1826,182600.0,2.590991497039795,0.0006098634330555797,3.587429375784268e-08,2.3804792363080196e-05,1.4707815353176557e-05,0.0001595816429471597
1827,182700.0,2.790111780166626,0.00010071170254377648,2.1521538329238865e-08,3.51668586517917e-06,1.277303363167448e-05,0.00015942135360091925
1828,182800.0,2.795964241027832,0.00034456144203431904,4.807557729691325e-08,1.3201763067627326e-05,1.4469303096120711e-05,0.0001592611806700006
1829,182900.0,2.796510934829712,0.00030023971339687705,5.4095014689892196e-08,1.1445592463132925e-05,1.4045785974303726e-05,0.00015910119691397995
1830,183000.0,2.8521499633789062,0.0008357430342584848,3.014763478859095e-07,3.2679792639100924e-05,1.8446778994984925e-05,0.00015894140233285725
1831,183100.0,2.926593542098999,0.00039721510256640613,3.557238414941821e-08,1.522485490568215e-05,1.655814776313491e-05,0.00015878169506322592
1832,183200.0,2.6574525833129883,0.0005004190024919808,6.599162816200987e-08,1.9387747670407407e-05,1.5659314158256166e-05,0.00015862222062423825
1833,183300.0,2.861095666885376,0.0005457437364384532,2.6922219831249095e-07,2.109526758431457e-05,1.8092887330567464e-05,0.00015846289170440286
1834,183400.0,2.704604148864746,0.00023759361647535115,3.545243032476719e-08,8.78698210726725e-06,1.7883618056657724e-05,0.0001583036791998893
1835,183500.0,2.684903860092163,0.00039933508378453553,2.2558410250894667e-08,1.541762139822822e-05,1.3871997907699551e-05,0.00015814468497410417
1836,183600.0,2.69362211227417,6.613519508391619e-05,2.861567693912548e-08,1.9712829271156806e-06,1.6824507838464342e-05,0.00015798580716364086
1837,183700.0,2.72861385345459,0.000517335080076009,2.3251816116953705e-07,1.99685000552563e-05,1.7890057279146276e-05,0.00015782711852807552
1838,183800.0,2.6595747470855713,0.00010209239553660154,2.4606650939063002e-08,3.379215286258841e-06,1.7587406546226703e-05,0.00015766857541166246
1839,183900.0,2.5972328186035156,0.0004241150454618037,1.1776812414154847e-07,1.6305641111102886e-05,1.63562799571082e-05,0.00015751017781440169
1840,184000.0,2.664426565170288,0.00020363932708278298,1.4685126004110316e-08,7.5029679464933e-06,1.6050438716774806e-05,0.0001573519839439541
1841,184100.0,2.8227341175079346,0.0001545223785797134,2.5218788834990846e-08,5.465043614094611e-06,1.787107794370968e-05,0.00015719389193691313
1842,184200.0,2.6172266006469727,0.00020262198813725263,8.547897323296638e-08,7.4901836342178285e-06,1.528191023680847e-05,0.00015703600365668535
1843,184300.0,2.5950684547424316,0.0002166742051485926,6.725173307131627e-08,8.011367754079401e-06,1.6322752344422042e-05,0.00015687826089560986
1844,184400.0,2.596545696258545,0.0002540852583479136,2.6857573942606905e-08,9.55234281718731e-06,1.5249839634634554e-05,0.00015672064910177141
1845,184500.0,2.6574575901031494,0.00017643035971559584,5.3174009195799954e-08,6.498554284917191e-06,1.3913334441895131e-05,0.00015656322648283094
1846,184600.0,2.709111452102661,0.0005017266375944018,4.7693198723663954e-08,1.9463375792838633e-05,1.509460162196774e-05,0.00015640596393495798
1847,184700.0,2.585679769515991,0.0003868378698825836,1.196437295902797e-07,1.4848995306238066e-05,1.5493349565076642e-05,0.00015624886145815253
1848,184800.0,2.58662486076355,0.0006091361283324659,5.558424120977179e-08,2.3692391550866887e-05,1.6770722140790895e-05,0.00015609188994858414
1849,184900.0,2.7167210578918457,0.00015223765512928367,2.8800096529835173e-08,5.326608970790403e-06,1.904362579807639e-05,0.0001559350930619985
1850,185000.0,2.656846761703491,0.000539535831194371,5.7377938844638265e-08,2.086904351017438e-05,1.775236160028726e-05,0.00015577845624648035
1851,185100.0,2.7031757831573486,0.00011182179878233,4.451243995617915e-08,3.8669454625051e-06,1.5103649275260977e-05,0.00015562195039819926
1852,185200.0,2.5939085483551025,0.00029396594618447125,3.1854444415557737e-08,1.1132986401207745e-05,1.5609430192853324e-05,0.00015546563372481614
1853,185300.0,2.59087872505188,0.0003245424886699766,6.889339942972583e-08,1.2266617886780296e-05,1.780815000529401e-05,0.00015530947712250054
1854,185400.0,2.592149019241333,0.0004392676637507975,1.0766490277092089e-07,1.6943118680501357e-05,1.5582041669404134e-05,0.000155153451487422
1855,185500.0,2.6939806938171387,0.0002247989468742162,1.3464533488161123e-08,8.337201506947167e-06,1.6355452316929586e-05,0.00015499760047532618
1856,185600.0,2.613743305206299,0.00021591983386315405,3.141578730492256e-08,8.041254659474362e-06,1.4857057067274582e-05,0.00015484190953429788
1857,185700.0,2.591421365737915,0.00020478850638028234,4.9613088748401424e-08,7.6112346505397e-06,1.445803172828164e-05,0.00015468636411242187
1858,185800.0,2.5914435386657715,0.0006244478863663971,1.2287344475225837e-07,2.4108590878313407e-05,2.1610230760416016e-05,0.00015453096420969814
1859,185900.0,2.5994324684143066,5.5919979786267504e-05,1.9664954109543942e-08,1.6290649682559888e-06,1.5173691281233914e-05,0.00015437572437804192
1860,186000.0,2.6018741130828857,0.0006467881612479687,9.122162225594366e-08,2.5265235308324918e-05,1.506608441559365e-05,0.00015422065916936845
1861,186100.0,2.7094035148620605,0.0007461553905159235,8.401727313867013e-08,2.9336124498513527e-05,1.2668275303440168e-05,0.00015406575403176248
1862,186200.0,2.5923304557800293,0.00023007698473520577,3.0183116450643865e-08,8.531255843990948e-06,1.676539977779612e-05,0.00015391100896522403
1863,186300.0,2.5966310501098633,0.00041388015961274505,4.3144755323965e-08,1.59431183419656e-05,1.5259080100804567e-05,0.0001537563803140074
1864,186400.0,2.5949347019195557,0.00042905338341370225,5.3907143637843546e-08,1.6410787793574855e-05,1.872979919426143e-05,0.00015360192628577352
1865,186500.0,2.7365217208862305,0.000401736528147012,7.422685399660622e-08,1.541849269415252e-05,1.620001239643898e-05,0.00015344763232860714
1866,186600.0,2.643221139907837,0.0003407230251468718,8.394749784201849e-08,1.2928570868098177e-05,1.742479798849672e-05,0.00015329348389059305
1867,186700.0,2.6054928302764893,0.0001729516516206786,3.3739741667204726e-08,6.344977009575814e-06,1.4293473213911057e-05,0.0001531395100755617
1868,186800.0,2.5942609310150146,0.00021342224499676377,8.139357277059389e-08,7.90388548921328e-06,1.5743717085570097e-05,0.00015298565267585218
1869,186900.0,2.595184564590454,0.00022030090622138232,7.77678579311214e-08,8.05913623480592e-06,1.8744727640296333e-05,0.00015283198445104063
1870,187000.0,2.5967509746551514,0.00048455718206241727,5.445403417070338e-08,1.8787701264955103e-05,1.481020990468096e-05,0.00015267846174538136
1871,187100.0,2.706589698791504,0.0005700067849829793,1.3220689254467288e-07,2.2064074073568918e-05,1.8272747183800675e-05,0.00015252508455887437
1872,187200.0,2.5959420204162598,0.0005663289921358228,9.719552451770141e-08,2.1922011001151986e-05,1.818153941712808e-05,0.00015237188199535012
1873,187300.0,2.5961742401123047,0.00025675137294456363,2.358002326730002e-08,9.62409012572607e-06,1.6125533875310794e-05,0.00015221881039906293
1874,187400.0,2.705958366394043,0.0003157505998387933,9.965472713702184e-08,1.2050809345964808e-05,1.438072467863094e-05,0.00015206589887384325
1875,187500.0,2.6099390983581543,0.00023949686146806926,8.513063676218735e-08,8.879136657924391e-06,1.743330722092651e-05,0.00015191316197160631
1876,187600.0,2.599073886871338,0.00036664074286818504,1.54171843291806e-07,1.403276291966904e-05,1.5667481420678087e-05,0.00015176055603660643
1877,187700.0,2.6025142669677734,0.0004515367327257991,1.8525010148096044e-07,1.7377298718201928e-05,1.6919022527872585e-05,0.00015160809562075883
1878,187800.0,2.6692183017730713,0.00022710656048730016,8.916571658801331e-08,8.320039341924712e-06,1.9016419173567556e-05,0.00015145580982789397
1879,187900.0,2.650170087814331,0.0004029244009871036,5.633897970369617e-08,1.540039556857664e-05,1.785817221389152e-05,0.00015130365500226617
1880,188000.0,2.5897700786590576,0.00023249567311722785,3.420364791395514e-08,8.656644240545575e-06,1.6045363736338913e-05,0.0001511516747996211
1881,188100.0,2.801889419555664,0.00029492986504919827,2.4550006472168207e-08,1.1155972060805652e-05,1.600598989170976e-05,0.00015099984011612833
1882,188200.0,2.6951277256011963,0.00036483263829723,1.8001739476858347e-07,1.3979742107039783e-05,1.5159072063397616e-05,0.00015084815095178783
1883,188300.0,2.6205196380615234,0.00019817924476228654,5.578781170356706e-08,7.186102266132366e-06,1.847089151851833e-05,0.00015069662185851485
1884,188400.0,2.781766414642334,0.00025376721168868244,4.547719001379846e-08,9.582227903592866e-06,1.4166020264383405e-05,0.00015054525283630937
1885,188500.0,2.5871541500091553,0.0001468152622692287,7.347392738665803e-08,5.2199529818608426e-06,1.6242967831203714e-05,0.00015039401478134096
1886,188600.0,2.585430145263672,0.0003426355542615056,7.82310962677002e-08,1.3040427802479826e-05,1.6546622646274045e-05,0.00015024293679744005
1887,188700.0,2.5856635570526123,0.00019700692791957408,1.682398647062655e-07,7.18115416020737e-06,1.7309834220213816e-05,0.0001500920334365219
1888,188800.0,2.5912392139434814,0.0002292234858032316,1.9328457767642249e-07,8.421642633038573e-06,1.8489132344257087e-05,0.00014994126104284078
1889,188900.0,2.587998151779175,0.00030568306101486087,5.5027165046794835e-08,1.164391687780153e-05,1.4530106454913039e-05,0.00014979061961639673
1890,189000.0,2.636875867843628,0.00010260273847961798,3.5600866254981156e-08,3.5166394809493795e-06,1.4651149285782594e-05,0.00014964016736485064
1891,189100.0,2.6945722103118896,0.0001554454502183944,8.565043785324633e-09,5.501733539858833e-06,1.789354791981168e-05,0.0001494898460805416
1892,189200.0,2.60416579246521,0.0002038450911641121,1.902500024186793e-08,7.5075990935147274e-06,1.613608947081957e-05,0.0001493396848673001
1893,189300.0,2.6076180934906006,7.943726814119145e-05,1.5707556144661794e-08,2.572565108494018e-06,1.5107435501704458e-05,0.00014918966917321086
1894,189400.0,2.5869905948638916,0.00038025094545446336,2.449991995945311e-07,1.4384727364813443e-05,2.0387768017826602e-05,0.00014903978444635868
1895,189500.0,2.5883703231811523,0.0003593140281736851,4.061657676857067e-08,1.3761554328084458e-05,1.5234553757181857e-05,0.00014889008889440447
1896,189600.0,2.5921471118927,0.00018593664572108537,2.2254212694861053e-08,6.77426032780204e-06,1.6557884009671398e-05,0.00014874052430968732
1897,189700.0,2.6555569171905518,0.0004657277895603329,2.4975130941129464e-07,1.7945931176654994e-05,1.682975016592536e-05,0.00014859111979603767
1898,189800.0,2.892528772354126,9.800396219361573e-05,1.382443404196465e-08,3.2732773433963303e-06,1.6158202924998477e-05,0.00014844183169770986
1899,189900.0,2.871107816696167,0.0002750419080257416,3.048760888191282e-08,1.0427820598124526e-05,1.4315886801341549e-05,0.00014829271822236478
1900,190000.0,2.5932273864746094,0.0002990517532452941,1.1267865573927338e-07,1.129760767071275e-05,1.649888690735679e-05,0.00014814377937000245
1901,190100.0,2.701709270477295,0.00040010843076743186,2.9140233337443533e-08,1.529278415546287e-05,1.7759668480721302e-05,0.0001479949423810467
1902,190200.0,2.5927257537841797,0.00036833310150541365,1.6321372697802872e-07,1.410489949194016e-05,1.554741356812883e-05,0.00014784629456698895
1903,190300.0,2.5981228351593018,0.00042058847611770034,8.200594692198138e-08,1.6134648831211962e-05,1.7140240743174218e-05,0.000147697763168253
1904,190400.0,2.5954747200012207,0.0003063371987082064,7.870517748642669e-08,1.1631209417828359e-05,1.5478246496059e-05,0.00014754937728866935
1905,190500.0,2.5944621562957764,0.00017414467583876103,1.749456046695741e-08,6.4524697336310055e-06,1.2815440641134046e-05,0.0001474011951358989
1906,190600.0,2.599390745162964,0.0005763593362644315,1.6942213676429674e-07,2.2542988517670892e-05,1.2615172636287753e-05,0.00014725311484653503
1907,190700.0,2.736710786819458,0.00015576029545627534,9.746300655422147e-09,5.5832674661360215e-06,1.6168873116839677e-05,0.0001471052091801539
1908,190800.0,2.5993728637695312,0.00014069757889956236,9.280132928779494e-08,5.060856892669108e-06,1.4083355381444562e-05,0.0001469574199290946
1909,190900.0,2.595057725906372,0.00048157968558371067,2.4640016249577457e-07,1.8691736840992235e-05,1.4039866982784588e-05,0.00014680979074910283
1910,191000.0,2.634608507156372,0.0001155856007244438,2.4799495790261972e-08,4.031559910799842e-06,1.4771809219382703e-05,0.0001466623361920938
1911,191100.0,2.756014585494995,0.00047217324026860297,1.0368890457357338e-07,1.8310309314983897e-05,1.4311807717604097e-05,0.00014651498349849135
1912,191200.0,2.7405877113342285,0.00035497330827638507,1.3560695322212268e-07,1.3414780369203072e-05,1.9468192476779222e-05,0.00014636781997978687
1913,191300.0,2.586894989013672,0.00018376762454863638,7.367835053173621e-08,6.741251581843244e-06,1.516266001999611e-05,0.00014622080198023468
1914,191400.0,2.6440696716308594,7.595030183438212e-05,1.0404633599137014e-08,2.35585343943967e-06,1.7043555999407545e-05,0.00014607390039600432
1915,191500.0,2.984492301940918,0.00016788276843726635,2.133818277627597e-08,6.07130505159148e-06,1.6078800399554893e-05,0.0001459271734347567
1916,191600.0,2.951521396636963,0.0002781915245577693,3.927033276340808e-08,1.0551847481110599e-05,1.4356076462718192e-05,0.00014578059199266136
1917,191700.0,2.980102777481079,0.00041957019129768014,3.2390158111184064e-08,1.615919427422341e-05,1.5557956430711783e-05,0.0001456341560697183
1918,191800.0,2.8012185096740723,0.00013435952132567763,9.160713076994398e-09,4.7116864152485505e-06,1.6558189599891193e-05,0.0001454878511140123
1919,191900.0,2.746403932571411,0.00047776225255802274,3.6705007033788206e-08,1.8408229152555577e-05,1.7519827451906167e-05,0.0001453417062293738
1920,192000.0,2.5941832065582275,0.0001367208024021238,3.747934584907853e-08,4.952469680574723e-06,1.2871571925643366e-05,0.00014519572141580284
1921,192100.0,2.703612804412842,0.00026470431475900114,4.717814761079353e-08,9.966719517251477e-06,1.548913678561803e-05,0.0001450498530175537
1922,192200.0,2.5900774002075195,0.0003527558292262256,1.7904245908084704e-07,1.357908513455186e-05,1.3099654097459279e-05,0.00014490414469037205
1923,192300.0,2.68646240234375,0.0003194442542735487,3.482789878717085e-08,1.2227304068801459e-05,1.3726835277338978e-05,0.0001447585818823427
1924,192400.0,2.8121836185455322,0.00014576986723113805,3.766122347315104e-08,5.27388738191803e-06,1.3885012776881922e-05,0.00014461317914538085
1925,192500.0,2.638169288635254,0.0006564865470863879,3.825782002309097e-08,2.545543247833848e-05,2.0062514522578567e-05,0.00014446790737565607
1926,192600.0,2.656219959259033,0.00031841930467635393,5.104084266349673e-08,1.2015656466246583e-05,1.7976839444600046e-05,0.00014432278112508357
1927,192700.0,2.7333149909973145,0.0005439089145511389,1.8610641916438908e-07,2.0985617084079422e-05,1.9082390281255357e-05,0.00014417781494557858
1928,192800.0,2.801302433013916,9.979541209759191e-05,1.5988160129154494e-08,3.360504933880293e-06,1.5766800061101094e-05,0.00014403297973331064
1929,192900.0,2.734435558319092,9.839377162279561e-05,2.6258684115987307e-08,3.3699684536259156e-06,1.4118303624854889e-05,0.000143888290040195
1930,193000.0,2.8101749420166016,0.00040767426253296435,3.2004999184209737e-07,1.5664865713915788e-05,1.573256668052636e-05,0.00014374377497006208
1931,193100.0,2.738576650619507,0.0003569947730284184,2.3349643996084524e-08,1.3604069863504265e-05,1.6869676983333193e-05,0.00014359934721142054
1932,193200.0,2.5990326404571533,0.00039721824578009546,4.1374903503310634e-08,1.530164990981575e-05,1.4635627849202137e-05,0.0001434551231795922
1933,193300.0,2.634396553039551,0.0005548272747546434,9.219763796863845e-08,2.1582907720585354e-05,1.516240354249021e-05,0.00014331100101117045
1934,193400.0,2.6571860313415527,8.242304465966299e-05,1.4574345286177959e-08,2.712541572691407e-06,1.459493341826601e-05,0.00014316702436190099
1935,193500.0,2.745502471923828,0.0003791967174038291,7.61870637688844e-08,1.4535905393131543e-05,1.5722876923973672e-05,0.00014302322233561426
1936,193600.0,2.7385802268981934,0.00042754114838317037,4.023187827328911e-08,1.648123907216359e-05,1.54699355334742e-05,0.0001428795512765646
1937,193700.0,2.642012119293213,0.0003737614315468818,1.0576749787105655e-07,1.431544114893768e-05,1.576966133143287e-05,0.00014273604028858244
1938,193800.0,2.6081109046936035,0.0001336981513304636,2.242254559803314e-08,4.7865860324236564e-06,1.4011076018505264e-05,0.00014259266026783735
1939,193900.0,2.5955398082733154,0.00022889813408255577,3.794826142211605e-08,8.530904779036064e-06,1.5587560483254492e-05,0.00014244939666241407
1940,194000.0,2.5964224338531494,0.0003011006920132786,1.8011803604167653e-07,1.1401381016185042e-05,1.588603663549293e-05,0.00014230632223188877
1941,194100.0,2.7384510040283203,0.0004205908044241369,7.032471671664098e-08,1.612373125681188e-05,1.742720814945642e-05,0.0001421633642166853
1942,194200.0,2.6476547718048096,7.940879004308954e-05,3.4247253921648735e-08,2.547723397583468e-06,1.5681454897276126e-05,0.00014202058082446456
1943,194300.0,2.659184455871582,0.00013086787657812238,1.0726355803569732e-08,4.673528565035667e-06,1.4018931324244477e-05,0.00014187789929565042
1944,194400.0,2.750401735305786,0.00023635766410734504,1.4147055082958104e-08,8.930876902013551e-06,1.3071590728941374e-05,0.00014173536328598857
1945,194500.0,2.655728816986084,0.00013392871187534183,9.32059691649556e-08,4.738429197459482e-06,1.5374782378785312e-05,0.00014159300189930946
1946,194600.0,2.7596662044525146,0.00039164727786555886,1.0889365853472555e-07,1.5096923561941367e-05,1.4115271369519178e-05,0.00014145075692795217
1947,194700.0,2.671496629714966,0.00029073230689391494,5.376965361847397e-08,1.09686016003252e-05,1.6463487554574385e-05,0.00014130868657957762
1948,194800.0,2.6109323501586914,0.00013150378072168678,3.531547321244943e-08,4.610746145772282e-06,1.61998177645728e-05,0.00014116670354269445
1949,194900.0,2.62074875831604,0.0002893194614443928,1.3665288634001627e-07,1.0976125849992968e-05,1.477967180107953e-05,0.00014102490968070924
1950,195000.0,2.723337411880493,0.00023102847626432776,3.8383657141594085e-08,8.703003004484344e-06,1.341501501883613e-05,0.00014088326133787632
1951,195100.0,2.804967164993286,0.00011480435205157846,2.378104291267391e-08,4.0552267819293775e-06,1.3399909221334383e-05,0.00014074172941036522
1952,195200.0,2.718573570251465,0.00031255168141797185,1.4073101795020193e-07,1.1803658708231524e-05,1.731947486405261e-05,0.0001406003430020064
1953,195300.0,2.646026134490967,0.00027258621412329376,7.825244097148243e-08,1.030954263114836e-05,1.4769366316613741e-05,0.0001404591166647151
1954,195400.0,2.6519782543182373,0.00039177355938591063,4.960552359989379e-07,1.5037159755593166e-05,1.534852162876632e-05,0.00014031800674274564
1955,195500.0,2.6093966960906982,0.00020295719150453806,1.0363566360638288e-07,7.525451565015828e-06,1.4717275917064399e-05,0.0001401770714437589
1956,195600.0,2.6176328659057617,0.00017195935652125627,1.9605820966717147e-08,6.3055908867681865e-06,1.4299976101028733e-05,0.000140036252560094
1957,195700.0,2.7122788429260254,0.0008090835181064904,2.940458898592624e-07,3.177124381181784e-05,1.4508374079014175e-05,0.00013989557919558138
1958,195800.0,2.592705726623535,0.0002336304896743968,1.3266867426864337e-07,8.748676918912679e-06,1.4780902347411029e-05,0.00013975505135022104
1959,195900.0,2.7079665660858154,0.00020201435836497694,3.226301004133347e-08,7.528144124080427e-06,1.3778488209936768e-05,0.00013961466902401298
1960,196000.0,2.9381091594696045,0.0003567325184121728,3.6711320205995435e-08,1.3789540389552712e-05,1.1957297829212621e-05,0.0001394744322169572
1961,196100.0,2.8506646156311035,0.00033141509629786015,4.613544390963398e-08,1.2628617696464062e-05,1.56535352289211e-05,0.00013933429727330804
1962,196200.0,2.6221976280212402,0.00030046404572203755,2.897630579923316e-08,1.1474465281935409e-05,1.3573424439528026e-05,0.00013919435150455683
1963,196300.0,2.6393306255340576,0.0004739001451525837,1.627413581672954e-07,1.83422707777936e-05,1.5180622540356126e-05,0.00013905452215112746
1964,196400.0,2.604449510574341,0.0002523332950659096,1.2292399276248034e-07,9.402489013154991e-06,1.7148149709100835e-05,0.00013891482376493514
1965,196500.0,2.669830083847046,0.00014878118236083537,1.9182868626899108e-08,5.315258022164926e-06,1.5880546925473027e-05,0.00013877531455364078
1966,196600.0,2.8824267387390137,7.777420250931755e-05,4.060231706404238e-09,2.52751260632067e-06,1.458232964068884e-05,0.0001386358926538378
1967,196700.0,2.7291064262390137,0.00016701561980880797,7.480817032501363e-08,6.088529062253656e-06,1.4727585949003696e-05,0.00013849664537701756
1968,196800.0,2.765657663345337,0.000433460547355935,1.8908376375748048e-07,1.6566771591897123e-05,1.9102186342934147e-05,0.00013835749996360391
1969,196900.0,2.7303035259246826,0.0002547676849644631,5.408794834238506e-08,9.627831786929164e-06,1.401780446030898e-05,0.00013821851462125778
1970,197000.0,2.8568499088287354,0.00039306856342591345,4.788822494106171e-08,1.5082456229720265e-05,1.5959290976752527e-05,0.00013807967479806393
1971,197100.0,2.9445924758911133,0.00014592421939596534,1.042004971196775e-08,5.201645763008855e-06,1.5872656149440445e-05,0.00013794096594210714
1972,197200.0,2.8301572799682617,0.0003660558722913265,6.883026060222619e-08,1.4033648767508566e-05,1.5145845281949732e-05,0.00013780241715721786
1973,197300.0,2.7412288188934326,0.00011293510760879144,5.742827369203951e-08,3.8504990698129404e-06,1.6615204003755935e-05,0.0001376639847876504
1974,197400.0,2.9439609050750732,0.0003662487433757633,2.8328284429335326e-07,1.3926323845225852e-05,1.780734419298824e-05,0.00013752566883340478
1975,197500.0,3.10392427444458,0.0003528876113705337,1.6217568088450207e-07,1.3521195796784014e-05,1.4695532627229113e-05,0.00013738754205405712
1976,197600.0,2.9933037757873535,0.00015067799540702254,1.7026899001848506e-08,5.477588729263516e-06,1.3721249160880689e-05,0.0001372495316900313
1977,197700.0,3.0841057300567627,0.00010666310845408589,2.5668050795957242e-08,3.632761263361317e-06,1.5818402971490286e-05,0.00013711166684515774
1978,197800.0,2.694619655609131,0.00024253966694232076,4.82857203110143e-08,9.086975296668243e-06,1.5317000361392274e-05,0.00013697393296752125
1979,197900.0,2.584238290786743,0.0003069034719374031,5.98752478708775e-08,1.1750310477509629e-05,1.3085844329907559e-05,0.0001368363300571218
1980,198000.0,2.6730775833129883,0.00016567402053624392,3.058548969647745e-08,6.11083578405669e-06,1.2872536899521947e-05,0.00013669887266587466
1981,198100.0,2.8973517417907715,0.0002646991051733494,1.6993898555028863e-07,1.008101571642328e-05,1.2503773177741095e-05,0.0001365615607937798
1982,198200.0,2.7486870288848877,0.00020648876670747995,2.8998114132150477e-08,7.699578418396413e-06,1.3970297914056573e-05,0.0001364243944408372
1983,198300.0,2.692521333694458,0.0003921225725207478,6.475653435700224e-08,1.5033712770673446e-05,1.621500814508181e-05,0.00013628735905513167
1984,198400.0,2.927381992340088,0.0003248450520914048,3.136579351803448e-08,1.2432738913048524e-05,1.3995208973938134e-05,0.00013615042553283274
1985,198500.0,2.648545026779175,0.0003068773658014834,1.5454357082944625e-07,1.1717439519998152e-05,1.3786838280793745e-05,0.00013601366663351655
1986,198600.0,2.75020432472229,0.000423637218773365,3.8297233828643584e-08,1.627283745619934e-05,1.677797808952164e-05,0.00013587705325335264
1987,198700.0,3.186948776245117,0.0004017009341623634,1.1412538469812716e-07,1.5442057701875456e-05,1.553536276333034e-05,0.0001357405708404258
1988,198800.0,2.9316086769104004,0.000499570625834167,2.588769802969182e-07,1.9410277673159726e-05,1.4054819075681735e-05,0.00013560419029090554
1989,198900.0,2.8613295555114746,0.000292480195639655,2.2954022682597497e-08,1.1188865755684674e-05,1.27355961012654e-05,0.0001354679698124528
1990,199000.0,2.597769260406494,0.0003552825073711574,2.6882966608354764e-07,1.3588358342531137e-05,1.5304703993024305e-05,0.00013533190940506756
1991,199100.0,2.703866720199585,0.00017972858040593565,2.2366853258404262e-08,6.574392955371877e-06,1.534639704914298e-05,0.00013519595086108893
1992,199200.0,2.6159348487854004,0.0002974216768052429,3.341248344668202e-08,1.1142080438730773e-05,1.883627010101918e-05,0.0001350601523881778
1993,199300.0,2.7820799350738525,0.00022481175255961716,7.113850131190702e-08,8.330480341101065e-06,1.6478605175507255e-05,0.0001349244557786733
1994,199400.0,3.0386204719543457,8.873624756233767e-05,7.105127508566511e-08,2.978602879011305e-06,1.420012631569989e-05,0.0001347889337921515
1995,199500.0,2.7743823528289795,0.0003281359968241304,5.7696247779404075e-08,1.2395225894579198e-05,1.819766293920111e-05,0.00013465354277286679
1996,199600.0,2.7831528186798096,0.00037264282582327724,7.840070992415349e-08,1.4382445442606695e-05,1.3003282219870016e-05,0.0001345182681689039
1997,199700.0,2.8897545337677,0.000215024221688509,9.403331802104731e-08,7.982210263435263e-06,1.5374933354905806e-05,0.0001343831536360085
1998,199800.0,2.862776517868042,0.00032651855144649744,1.8608601237701805e-07,1.2563077689264901e-05,1.2255518413439859e-05,0.00013424815551843494
1999,199900.0,2.917252540588379,0.00020012760069221258,5.886404608190787e-08,7.400080448860535e-06,1.5066729247337207e-05,0.00013411328836809844
2000,200000.0,2.7610397338867188,0.00013113816385157406,2.190378189936837e-08,4.640970018954249e-06,1.5092006833583582e-05,0.00013397858128882945
2001,200100.0,2.9025204181671143,0.0002013830526266247,4.815256460233286e-08,7.3511669143044855e-06,1.755572338879574e-05,0.00013384397607296705
2002,200200.0,2.8150265216827393,9.01610401342623e-05,2.0686355739485407e-08,3.1275042147171916e-06,1.1952745808230247e-05,0.0001337095454800874
2003,200300.0,2.7923338413238525,0.0003225651744287461,2.1312287046271194e-08,1.2298331967031118e-05,1.508557306806324e-05,0.00013357521675061435
2004,200400.0,2.8494162559509277,0.00012584526848513633,2.1561442409279152e-08,4.375564458314329e-06,1.6434585631941445e-05,0.00013344103354029357
2005,200500.0,2.7639150619506836,0.00032761291367933154,1.046186781650249e-07,1.2525543752417434e-05,1.4369696145877242e-05,0.00013330701040104032
2006,200600.0,2.7302684783935547,0.00013804642367176712,4.080064286426932e-08,4.863250069320202e-06,1.642436473048292e-05,0.00013317308912519366
2007,200700.0,2.627539873123169,0.0001438329491065815,3.881927312932021e-08,5.190989668335533e-06,1.4019382433616556e-05,0.00013303931336849928
2008,200800.0,2.6663620471954346,0.00015598363825120032,2.101185003766659e-08,5.598522420768859e-06,1.599957249709405e-05,0.00013290566857904196
2009,200900.0,2.827195405960083,0.0002496441302355379,4.217514515403309e-08,9.343128112959675e-06,1.602373959030956e-05,0.0001327721547568217
2010,201000.0,2.5967304706573486,0.0003088338708039373,2.58041197298553e-08,1.1752755199267995e-05,1.4989170267654117e-05,0.00013263880100566894
2011,201100.0,2.8134453296661377,0.0001914125750772655,6.083499926035074e-08,6.988675977481762e-06,1.6634834537399e-05,0.000132505563669838
2012,201200.0,2.6982178688049316,0.00019940690253861248,1.1045960945921252e-07,7.359128630923806e-06,1.5318215446313843e-05,0.00013237245730124414
2013,201300.0,2.937962055206299,0.00030322381644509733,6.507875127681473e-08,1.1534790246514603e-05,1.478899775975151e-05,0.00013223948189988732
2014,201400.0,2.8784661293029785,0.00011283476487733424,1.493215684433835e-08,3.98056226913468e-06,1.3305778338690288e-05,0.00013210662291385233
2015,201500.0,2.8579463958740234,0.0001662803115323186,4.851879609191201e-08,6.0708712226187345e-06,1.4460023521678522e-05,0.00013197392399888486
2016,201600.0,2.7903506755828857,7.633745553903282e-05,2.3571724128146343e-08,2.5336989892821293e-06,1.2971406249562278e-05,0.00013184135605115443
2017,201700.0,2.730255365371704,0.00015170483675319701,7.146936553681371e-08,5.514467375178356e-06,1.3771684280072805e-05,0.00013170894817449152
2018,201800.0,2.8622732162475586,0.00019710460037458688,8.012150942704466e-08,7.164964699768461e-06,1.790035457815975e-05,0.00013157662760931998
2019,201900.0,2.7393863201141357,0.00027115840930491686,5.6437116313645674e-08,1.0227298844256438e-05,1.5419494957313873e-05,0.00013144442345947027
2020,202000.0,2.867845296859741,0.00018485248438082635,1.6233519417596654e-08,6.7728751673712395e-06,1.5514358892687596e-05,0.00013131240848451853
2021,202100.0,2.8909525871276855,0.0002445790159981698,1.436896326367787e-07,9.114118256547954e-06,1.6582371245021932e-05,0.00013118049537297338
2022,202200.0,2.8463966846466064,0.00021798031229991466,2.9739830154085212e-08,8.148679626174271e-06,1.42335784403258e-05,0.00013104872778058052
2023,202300.0,3.0461201667785645,0.0002692619455046952,8.18845791172862e-08,1.0155810741707683e-05,1.528478242107667e-05,0.00013091709115542471
2024,202400.0,2.9435155391693115,0.00010912099241977558,2.506123841783392e-08,3.699739181683981e-06,1.660245470702648e-05,0.0001307855563936755
2025,202500.0,2.8177545070648193,0.0003239584621042013,1.431215537195385e-07,1.2362404959276319e-05,1.4755212760064751e-05,0.00013065421080682427
2026,202600.0,2.8201591968536377,0.00026855524629354477,1.6874051311788207e-07,1.0155190466321073e-05,1.4506759725918528e-05,0.0001305229525314644
2027,202700.0,2.686335802078247,0.0002162756718462333,6.136550467772395e-08,8.024573617149144e-06,1.5599965990986675e-05,0.00013039185432717204
2028,202800.0,2.810908079147339,0.000266103888861835,1.814839265534829e-07,9.878390301309992e-06,1.8962626199936494e-05,0.00013026084343437105
2029,202900.0,2.7963955402374268,8.834552863845602e-05,2.709311708315454e-08,3.0009505280759186e-06,1.3294663403939921e-05,0.00013012999261263758
2030,203000.0,2.7470433712005615,0.0003203970263712108,3.7713451916943086e-08,1.2202463949506637e-05,1.529769906483125e-05,0.0001299992873100564
2031,203100.0,2.8557794094085693,0.00029195062234066427,3.896960265592497e-08,1.1083745448559057e-05,1.4818016097706277e-05,0.00012986869842279702
2032,203200.0,2.7237157821655273,0.00024796518846414983,1.4223772382138122e-07,9.339486496173777e-06,1.4335779269458726e-05,0.00012973824050277472
2033,203300.0,2.776895761489868,0.00032066498533822596,5.6058592434737875e-08,1.234927276527742e-05,1.187708585348446e-05,0.00012960791354998946
2034,203400.0,2.9492759704589844,0.0004006201634183526,3.2830136831307755e-08,1.546737621538341e-05,1.3902933460485656e-05,0.00012947771756444126
2035,203500.0,3.074186086654663,0.00043500959873199463,1.7860537937508525e-08,1.682748188613914e-05,1.4304692740552127e-05,0.00012934765254613012
2036,203600.0,3.0013587474823,0.00019450091349426657,6.747422531816483e-08,7.150623787310906e-06,1.5667839761590585e-05,0.0001292177039431408
2037,203700.0,2.717757225036621,0.0002419539086986333,1.0358551350009293e-08,9.09066238818923e-06,1.4676983482786454e-05,0.000129087915411219
2038,203800.0,2.6809725761413574,0.00023492313630413264,7.493504483591096e-08,8.748467735131271e-06,1.6136513295350596e-05,0.00012895824329461902
2039,203900.0,2.8540077209472656,0.00020187576592434198,5.1133753231624723e-08,7.498138984374236e-06,1.4371147699421272e-05,0.0001288287021452561
2040,204000.0,2.7026305198669434,0.00023679192236158997,1.5143467635425623e-07,8.917889317672234e-06,1.3693254004465416e-05,0.00012869930651504546
2041,204100.0,2.6969354152679443,0.00034898691228590906,1.789410077890352e-07,1.3246252819953952e-05,1.765164779499173e-05,0.00012857001274824142
2042,204200.0,2.8303239345550537,0.00020114841754548252,3.379857105301198e-08,7.446022209478542e-06,1.496405548095936e-05,0.00012844086450058967
2043,204300.0,2.8710265159606934,0.00016516463074367493,6.887626824436666e-08,6.022898105584318e-06,1.4523308891511988e-05,0.00012831183266825974
2044,204400.0,2.704732894897461,0.00019613807671703398,2.5838945205691743e-08,7.234614258777583e-06,1.5246874681906775e-05,0.00012818293180316687
2045,204500.0,2.695497989654541,0.00022359954891726375,3.481229171597988e-08,8.332693141710479e-06,1.5247416740749031e-05,0.0001280541910091415
2046,204600.0,2.732947587966919,0.0003763984132092446,7.475347985064218e-08,1.4503392776532564e-05,1.3738826964981854e-05,0.0001279255375266075
2047,204700.0,3.8579294681549072,0.0003870700020343065,9.145838220092628e-08,1.4826622646069154e-05,1.6312984371325e-05,0.00012779704411514103
2048,204800.0,2.7821779251098633,0.00018841268320102245,3.20147286458905e-08,6.979073532420443e-06,1.3903837498219218e-05,0.00012766866711899638
2049,204900.0,2.676100969314575,0.0003674319596029818,4.999091629542818e-08,1.4092458513914607e-05,1.5070499102876056e-05,0.00012754042109008878
2050,205000.0,2.9272778034210205,0.00020744604989886284,1.719442934700055e-07,7.693016414123122e-06,1.4948690477467608e-05,0.00012741229147650301
2051,205100.0,2.940699815750122,8.08719196356833e-05,4.805121633921772e-08,2.7650826268654782e-06,1.1696796718752012e-05,0.00012728430738206953
2052,205200.0,2.88826322555542,0.0002498126123100519,5.008140036011355e-08,9.435857464268338e-06,1.3866090739611536e-05,0.0001271564542548731
2053,205300.0,2.764892816543579,0.0002033145574387163,5.96534661667647e-08,7.625527814525412e-06,1.2616709682333749e-05,0.0001270287175429985
2054,205400.0,2.7510221004486084,0.00021702911180909723,2.914786421115423e-07,8.060026630118955e-06,1.523698210803559e-05,0.00012690109724644572
2055,205500.0,2.953941822052002,0.00017181489965878427,5.774819200610182e-08,6.356466656143311e-06,1.2845477613154799e-05,0.00012677363702096045
2056,205600.0,3.045193672180176,0.00029987117159180343,3.681638105490492e-08,1.1413190804887563e-05,1.4504596947517712e-05,0.000126646293210797
2057,205700.0,2.97874116897583,0.00016392205725423992,3.935577552738323e-08,5.957007033430273e-06,1.495751985203242e-05,0.00012651908036787063
2058,205800.0,3.0000929832458496,0.00012037411943310872,6.724737744434606e-08,4.2844421841437e-06,1.3195821338740643e-05,0.00012639198394026607
2059,205900.0,2.7690138816833496,0.0003281277313362807,2.079798200327332e-08,1.2575498658407014e-05,1.3719465641770512e-05,0.00012626500392798334
2060,206000.0,2.674093008041382,0.0003138453757856041,7.75127091401373e-08,1.1913043636013754e-05,1.5941783203743398e-05,0.00012613818398676813
2061,206100.0,2.8380236625671387,0.000214646672247909,1.5150849463907434e-08,8.046377843129449e-06,1.347207034996245e-05,0.0001260114659089595
2062,206200.0,2.854858875274658,0.00019228960445616394,6.010790087884743e-08,7.108531008270802e-06,1.4516226656269282e-05,0.00012588489335030317
2063,206300.0,2.6930582523345947,0.0002179822768084705,4.838173026655568e-07,8.11203608463984e-06,1.4697548067488242e-05,0.00012575843720696867
2064,206400.0,2.595977783203125,0.0003518546000123024,3.924093334717327e-07,1.3470986232277937e-05,1.4687550901726354e-05,0.00012563209747895598
2065,206500.0,2.66378116607666,0.0002500723931007087,9.003682066577312e-08,9.431326361664105e-06,1.4199188626662362e-05,0.00012550591782201082
2066,206600.0,2.7002062797546387,0.00016084570961538702,1.2011331307348883e-07,5.869393135071732e-06,1.3990766092319973e-05,0.00012537984002847224
2067,206700.0,2.63761043548584,0.0002955058589577675,1.9911389870230778e-07,1.1139291927975137e-05,1.6824422345962375e-05,0.00012525389320217073
2068,206800.0,2.617626905441284,0.0002106486790580675,1.1815757261501858e-07,7.843314051569905e-06,1.4447670764639042e-05,0.0001251280482392758
2069,206900.0,2.596619129180908,0.00018459564307704568,4.9636280863296633e-08,6.856981599412393e-06,1.3121467418386601e-05,0.0001250023633474484
2070,207000.0,2.5931501388549805,0.0004980043158866465,1.3708248047805682e-07,1.942230483109597e-05,1.2309596968407277e-05,0.00012487679487094283
2071,207100.0,2.7605202198028564,0.00019223194976802915,3.390890412902081e-08,7.20053458280745e-06,1.2184686056571081e-05,0.0001247513573616743
2072,207200.0,2.7647571563720703,0.00012998961028642952,4.3066101795830036e-08,4.647963123716181e-06,1.3747476259595715e-05,0.00012462605081964284
2073,207300.0,2.840532064437866,0.0002748368715401739,5.475610365124339e-08,1.0402656698715873e-05,1.4715708857693244e-05,0.0001245008606929332
2074,207400.0,2.86362886428833,0.00013364548794925213,7.537288126968633e-08,4.710178473033011e-06,1.58156399265863e-05,0.00012437577242963016
2075,207500.0,2.753211259841919,0.00013531565491575748,1.379925720357278e-07,4.822264600079507e-06,1.4621044101659209e-05,0.00012425084423739463
2076,207600.0,2.8157613277435303,0.00021692016161978245,2.6779581219216197e-08,8.09902667242568e-06,1.441771564714145e-05,0.0001241260179085657
2077,207700.0,3.0684940814971924,0.00016523755039088428,1.5327138669363194e-08,5.9949425121885724e-06,1.5348656233982183e-05,0.00012400135165080428
2078,207800.0,2.6095800399780273,9.279325604438782e-05,4.48168826494566e-08,3.1001377465145197e-06,1.5244996575347614e-05,0.00012387677270453423
2079,207900.0,2.74159574508667,0.00027208973187953234,1.835869625210762e-07,1.0267144716635812e-05,1.5227529729600064e-05,0.00012375233927741647
2080,208000.0,2.7813358306884766,0.0002793287276290357,1.304898660237086e-07,1.0581384231045377e-05,1.4663622096122708e-05,0.00012362803681753576
2081,208100.0,2.774273157119751,0.0002503453870303929,7.209400365582042e-08,9.4842644102755e-06,1.316669749940047e-05,0.00012350383622106165
2082,208200.0,2.6061415672302246,0.00010688851034501567,2.7651465117628504e-08,3.69573990610661e-06,1.446736314392183e-05,0.00012337978114373982
2083,208300.0,2.663925886154175,0.00011294225987512618,3.265628834014933e-08,4.029697265650611e-06,1.2167179193056654e-05,0.00012325584248173982
2084,208400.0,2.6112589836120605,0.00014845558325760067,8.561755748814903e-09,5.416147814685246e-06,1.3043332728557289e-05,0.00012313200568314642
2085,208500.0,2.7863800525665283,0.00017467813449911773,3.8942115310192094e-08,6.336554179142695e-06,1.6225341823883355e-05,0.00012300832895562053
2086,208600.0,2.854846239089966,0.00020935515931341797,2.6558854671066e-08,7.837936209398322e-06,1.338019865215756e-05,0.00012288476864341646
2087,208700.0,2.8127589225769043,0.00016142253298312426,6.788082629327619e-08,5.91994739806978e-06,1.335596516582882e-05,0.00012276133929844946
2088,208800.0,2.8797054290771484,0.0001863658835645765,3.804392889605879e-08,6.977035809541121e-06,1.1901951438630931e-05,0.00012263801181688905
2089,208900.0,2.6266157627105713,0.00011892340990016237,4.084045812646764e-08,4.222797542752232e-06,1.3312629562278744e-05,0.0001225148153025657
2090,209000.0,2.597832441329956,0.00025636909413151443,7.703234672362669e-08,9.756988220033236e-06,1.2367342606012244e-05,0.00012239176430739462
2091,209100.0,2.7467195987701416,0.0002295405720360577,4.798681985107578e-08,8.659528248244897e-06,1.300437725149095e-05,0.00012226880062371492
2092,209200.0,2.857654571533203,0.00011335047020111233,1.613330269378821e-08,3.968904820794705e-06,1.411172252119286e-05,0.0001221459824591875
2093,209300.0,2.6525866985321045,0.0002573051315266639,4.407177911502913e-08,9.783543646335602e-06,1.2672483535425272e-05,0.0001220232734340243
2094,209400.0,2.619065284729004,0.0001807465887395665,1.0784403592367653e-08,6.6503607740742154e-06,1.44767873280216e-05,0.00012190070265205577
2095,209500.0,2.913163423538208,0.0002466602891217917,3.848919405413653e-08,9.292421964346431e-06,1.4311256563814823e-05,0.00012177826283732429
2096,209600.0,2.9167709350585938,0.00014086476585362107,1.2144438343852926e-08,5.092602805234492e-06,1.3537549421016593e-05,0.00012165592488599941
2097,209700.0,2.9933416843414307,0.00012227320985402912,4.2709885406111425e-08,4.231530056131305e-06,1.6442250853287987e-05,0.0001215337251778692
2098,209800.0,2.9045650959014893,0.00037062892806716263,6.045642919616512e-08,1.4283518794400152e-05,1.3480530469678342e-05,0.00012141162733314559
2099,209900.0,2.5987892150878906,0.00021739488875027746,2.5631498701272903e-08,8.119086487567984e-06,1.4392100638360716e-05,0.00012128966773161665
2100,210000.0,2.81125545501709,0.0002332855947315693,4.4435363832917574e-08,8.748120308155194e-06,1.4538141840603203e-05,0.00012116783909732476
2101,210100.0,2.9091384410858154,7.56256704335101e-05,6.780137340456349e-08,2.4492624106642324e-06,1.4326303244160954e-05,0.00012104611960239708
2102,210200.0,2.7283523082733154,0.00040820587310008705,6.891611548098808e-08,1.5761768736410886e-05,1.4092733181314543e-05,0.00012092453835066408
2103,210300.0,2.5969529151916504,0.00035326468059793115,5.065202302034777e-08,1.3634947208629455e-05,1.2340384273556992e-05,0.00012080305896233767
2104,210400.0,2.591730833053589,0.0002146370679838583,9.812221435367974e-08,7.978270332387183e-06,1.5082191566762049e-05,0.00012068169598933309
2105,210500.0,2.589698314666748,0.0002348980342503637,1.6868588303964316e-08,8.743567377678119e-06,1.6291993233608082e-05,0.0001205604785354808
2106,210600.0,2.5936248302459717,0.0003160333726555109,7.147937708396057e-08,1.2132204574299976e-05,1.2656802937272005e-05,0.00012043937022099271
2107,210700.0,2.5975773334503174,0.0001610866456758231,7.724317185875407e-09,5.975423391646473e-06,1.1693338819895871e-05,0.00012031838559778407
2108,210800.0,2.740905523300171,0.00021149063832126558,1.0805201355879035e-07,7.8503908298444e-06,1.5122819604584947e-05,0.00012019751738989726
2109,210900.0,2.5950255393981934,8.096409874269739e-05,1.1960698209634302e-08,2.6802624688571086e-06,1.394557057210477e-05,0.00012007676559733227
2110,211000.0,2.593496084213257,0.00017641698650550097,3.988227348372675e-08,6.424954335670918e-06,1.5753230400150642e-05,0.00011995616659987718
2111,211100.0,2.7042362689971924,0.0001245152234332636,2.8594840273399313e-08,4.426206487551099e-06,1.3831463547830936e-05,0.00011983565491391346
2112,211200.0,2.5886337757110596,0.00021130798268131912,3.910176360477635e-08,7.982712304510642e-06,1.1701072253345046e-05,0.00011971528874710202
2113,211300.0,2.605743646621704,0.0001926234835991636,5.368984545839339e-08,7.2213547355204355e-06,1.2035916370223276e-05,0.00011959501716773957
2114,211400.0,2.651470184326172,0.00021987965737935156,8.557113773122182e-08,8.302671631099656e-06,1.2227311344759073e-05,0.00011947487655561417
2115,211500.0,2.6334915161132812,0.0002327690162928775,3.889976341042711e-08,8.632393473817501e-06,1.692028672550805e-05,0.00011935487418668345
2116,211600.0,2.642465591430664,0.00030911804060451686,1.0107867609576715e-07,1.179214541480178e-05,1.4213308531907387e-05,0.0001192349664052017
2117,211700.0,2.747668504714966,0.000219561523408629,8.146342622694647e-08,8.30268345453078e-06,1.1912972695427015e-05,0.00011911520414287224
2118,211800.0,2.7367708683013916,0.00014371318684425205,1.0438554021163782e-08,5.0579824346641544e-06,1.725318725220859e-05,0.00011899554374394938
2119,211900.0,2.7076659202575684,0.00019979150965809822,3.3811776489756085e-08,7.4538556873449124e-06,1.3411294276011176e-05,0.00011887600703630596
2120,212000.0,2.79280161857605,0.00018824535072781146,1.5540445019723848e-07,6.9687434915977065e-06,1.3871362170903012e-05,0.0001187566012958996
2121,212100.0,2.977384090423584,0.00018160641775466502,4.211472059978405e-08,6.7244432102597784e-06,1.3453229257720523e-05,0.00011863729741889983
2122,212200.0,2.857517719268799,0.00017306760128121823,6.598704516136422e-08,6.386500444932608e-06,1.3339099496079143e-05,0.00011851813178509474
2123,212300.0,2.7901809215545654,0.0002516878303140402,1.7245907812935002e-08,9.633084118831903e-06,1.0843469681276474e-05,0.00011839906801469624
2124,212400.0,2.850107431411743,0.000304226647131145,9.872142925360095e-08,1.1658757102850359e-05,1.2659003004955593e-05,0.00011828012793557718
2125,212500.0,2.7713234424591064,7.547266432084143e-05,1.2343019939464739e-08,2.55478835242684e-06,1.1590615031309426e-05,0.00011816131882369518
2126,212600.0,2.7719457149505615,0.0003297617950011045,4.7771237632332486e-08,1.2687951311818324e-05,1.2515269190771505e-05,0.00011804263340309262
2127,212700.0,2.8190314769744873,0.00015675040776841342,2.6163743171991882e-08,5.705388502974529e-06,1.4089526302996092e-05,0.00011792406439781189
2128,212800.0,2.6858017444610596,0.00010339545406168327,1.8088696762674772e-08,3.6750600429513725e-06,1.1500867913127877e-05,0.00011780559725593776
2129,212900.0,2.718614101409912,0.0002721921191550791,5.836713867779508e-08,1.0307548109267373e-05,1.44450841617072e-05,0.00011768724652938545
2130,213000.0,2.8082993030548096,7.355677371378988e-05,4.991320246006126e-09,2.414429673081031e-06,1.319103830610402e-05,0.00011756903404602781
2131,213100.0,3.0680360794067383,0.000515051418915391,1.2453598685624456e-07,1.998102743527852e-05,1.5401188647956587e-05,0.00011745092342607677
2132,213200.0,2.923236131668091,9.949642117135227e-05,8.234831483378002e-09,3.4150391456932994e-06,1.4112208191363607e-05,0.0001173329510493204
2133,213300.0,2.835420846939087,0.0002733051951508969,1.1334365979109862e-07,1.0334175385651179e-05,1.4837473827356007e-05,0.00011721508053597063
2134,213400.0,2.809082508087158,0.000127499079098925,8.712724763881852e-09,4.559525677905185e-06,1.350222373730503e-05,0.0001170973337139003
2135,213500.0,2.698899984359741,0.00015451265790034086,2.5380218815485023e-08,5.564307230088161e-06,1.5379604519694112e-05,0.00011697971785906702
2136,213600.0,2.5891339778900146,0.0001111250530811958,3.9227337822467234e-08,3.867416126013268e-06,1.4400421605387237e-05,0.00011686219659168273
2137,213700.0,2.587672710418701,0.00019338788115419447,3.535964410161796e-08,7.1918398134585004e-06,1.3556524208979681e-05,0.00011674481356749311
2138,213800.0,2.6488757133483887,0.00023223369498737156,6.746018499370621e-08,8.823119060252793e-06,1.158825216407422e-05,0.00011662753240671009
2139,213900.0,2.5853569507598877,0.00022962734510656446,3.582828966841589e-08,8.65149650053354e-06,1.3304103049449623e-05,0.0001165103749372065
2140,214000.0,2.684227705001831,0.00018393516074866056,5.748636411340158e-08,6.759282314305892e-06,1.4895614185661543e-05,0.00011639334115898237
2141,214100.0,2.878814458847046,0.0002355103933950886,4.4400056964377654e-08,8.924246685637627e-06,1.2359822903817985e-05,0.00011627642379608005
2142,214200.0,2.792888641357422,0.00016746109758969396,1.0122681004531842e-07,6.054496225260664e-06,1.5997471564332955e-05,0.00011615963012445718
2143,214300.0,2.621885061264038,0.00017628277419134974,4.302334488670567e-08,6.460186796175549e-06,1.4735075637872797e-05,0.00011604293104028329
2144,214400.0,2.6124672889709473,0.0001660014531807974,1.7557448828142697e-08,6.034972102497704e-06,1.5109588275663555e-05,0.00011592636292334646
2145,214500.0,2.832815170288086,0.00012844194134231657,2.754390315828914e-08,4.67825975647429e-06,1.1457895197963808e-05,0.00011580991849768907
2146,214600.0,2.677985429763794,0.00021844219008926302,5.454351281741765e-08,8.118394362099934e-06,1.5427791367983446e-05,0.00011569357593543828
2147,214700.0,2.908529281616211,0.0002720348711591214,1.9825943553541947e-08,1.0214438589173369e-05,1.6654090359224938e-05,0.00011557736434042454
2148,214800.0,2.784848213195801,0.00012652046279981732,1.5568351940942193e-08,4.465983238333138e-06,1.4855309927952476e-05,0.0001154612546088174
2149,214900.0,2.8726041316986084,0.00017627471243031323,5.6449550811521476e-08,6.516123448818689e-06,1.3315170690475497e-05,0.00011534527584444731
2150,215000.0,2.666221857070923,0.00016210321336984634,1.713756780929998e-08,5.952218998572789e-06,1.3280598068377003e-05,0.00011522942077135667
2151,215100.0,2.78365159034729,0.00022413297847379,9.143238344222482e-08,8.445565072179306e-06,1.2902423804916907e-05,0.0001151136530097574
2152,215200.0,2.5932648181915283,0.00028801002190448344,2.4206880055999136e-08,1.0925670721917413e-05,1.4844017641735263e-05,0.00011499803076731041
2153,215300.0,2.58894944190979,0.00015051400987431407,1.0845401909875818e-08,5.410819085227558e-06,1.5232701116474345e-05,0.0001148825031123124
2154,215400.0,2.584595203399658,0.00017110572662204504,1.2352473710564027e-08,6.305630449787714e-06,1.3452605344355106e-05,0.00011476709187263623
2155,215500.0,2.6236696243286133,0.00014174521493259817,7.538523050243384e-08,5.144501756149111e-06,1.3057282558293082e-05,0.00011465181887615472
2156,215600.0,2.617492198944092,0.00011336027091601864,8.24151342726509e-08,4.020585492980899e-06,1.276321472687414e-05,0.00011453663319116458
2157,215700.0,2.5934746265411377,5.865738421562128e-05,1.1378752162727324e-08,1.8552462961451965e-06,1.2264848010090645e-05,0.00011442160757724196
2158,215800.0,2.675255298614502,0.00017321280029136688,7.72421682171398e-09,6.433033831854118e-06,1.237923152075382e-05,0.00011430664744693786
2159,215900.0,2.66843318939209,0.00010072573059005663,6.664578933168741e-08,3.502432946334011e-06,1.3098259842081461e-05,0.00011419182555982843
2160,216000.0,2.6606757640838623,0.00013654986105393618,2.5594351527047365e-08,4.995634299120866e-06,1.1633407666522544e-05,0.00011407712736399844
2161,216100.0,2.8628547191619873,0.00012134013377362862,3.5639164508438625e-08,4.352734777057776e-06,1.2486122614063788e-05,0.00011396252375561744
2162,216200.0,2.6132545471191406,0.00014898645167704672,3.323471631233588e-08,5.395143489295151e-06,1.407462332281284e-05,0.0001138480583904311
2163,216300.0,2.7150251865386963,0.0002338941558264196,5.678277759102457e-08,8.79052731761476e-06,1.407418676535599e-05,0.00011373368033673614
2164,216400.0,2.776200532913208,0.00018008459301199764,7.176105043527059e-08,6.666314675385365e-06,1.3354978364077397e-05,0.00011361942597432062
2165,216500.0,2.7558352947235107,0.00023331634292844683,5.496876553934271e-08,8.778957635513507e-06,1.3787444913759828e-05,0.00011350530257914215
2166,216600.0,2.6902546882629395,0.0002011153264902532,5.964503912991859e-08,7.52499090594938e-06,1.2930908269481733e-05,0.0001133912883233279
2167,216700.0,2.6617624759674072,0.0002530258207116276,2.0720486659797643e-08,9.59341286943527e-06,1.3169774319976568e-05,0.00011327738320687786
2168,216800.0,2.7353832721710205,0.0001299554278375581,2.1033105923606854e-08,4.714168426289689e-06,1.2080196029273793e-05,0.00011316358722979203
2169,216900.0,2.820640802383423,0.00024679454509168863,8.882956592515256e-08,9.248326023225673e-06,1.5497564163524657e-05,0.00011304990039207041
2170,217000.0,2.587951421737671,0.00025889326934702694,2.6821400211929358e-08,9.729062185215298e-06,1.5639885532436892e-05,0.00011293634452158585
2171,217100.0,2.7062909603118896,0.00017515257059130818,1.679138783572398e-08,6.37827815808123e-06,1.567883009556681e-05,0.00011282289051450789
2172,217200.0,2.6111550331115723,0.00020072277402505279,1.25657024341308e-07,7.5432340054248925e-06,1.201627037517028e-05,0.00011270956747466698
2173,217300.0,2.7910022735595703,0.00018458854174241424,4.482520665760603e-08,6.846991709608119e-06,1.3368935469770804e-05,0.00011259634629823267
2174,217400.0,2.7326927185058594,0.00013046094682067633,1.0395630134496514e-08,4.7557050493196584e-06,1.15579241537489e-05,0.0001124832415371202
2175,217500.0,2.755786418914795,0.0002212199178757146,3.7916493056400213e-08,8.297245585708879e-06,1.3750863217865117e-05,0.00011237025319132954
2176,217600.0,2.7723701000213623,0.0002241128677269444,4.698994970908643e-08,8.441797035629861e-06,1.302094642596785e-05,0.00011225736670894548
2177,217700.0,2.959564685821533,0.00023232917010318488,1.8177516381001624e-08,8.79623712535249e-06,1.2405074812704697e-05,0.00011214461119379848
2178,217800.0,2.598161458969116,0.00011438331421231851,1.5835473377023845e-08,4.040432031615637e-06,1.335667820967501e-05,0.00011203195026610047
2179,217900.0,2.815823793411255,9.655273606767878e-05,1.8131062873294468e-08,3.3501335110486252e-06,1.2781268196704332e-05,0.00011191940575372428
2180,218000.0,2.643747568130493,0.000300258572679013,4.280217069663195e-08,1.1404483302612789e-05,1.5103656551218592e-05,0.00011180698493262753
2181,218100.0,2.8356680870056152,0.00016704478184692562,1.5920166163141403e-07,6.142836809885921e-06,1.331466955889482e-05,0.000111694673250895
2182,218200.0,2.918804407119751,0.0003426938783377409,3.9786385741535923e-08,1.3099403986416291e-05,1.5169003745540977e-05,0.0001115824852604419
2183,218300.0,3.018906831741333,9.175229206448421e-05,3.450601226973049e-08,3.0681469525006833e-06,1.5014112250355538e-05,0.00011147038458148018
2184,218400.0,3.0131847858428955,9.808652248466387e-05,1.8111883548499463e-08,3.3898427318490576e-06,1.3322341146704275e-05,0.00011135840759379789
2185,218500.0,2.878344774246216,0.00010307239426765591,1.2759166168052616e-08,3.5876087167707738e-06,1.3369412044994533e-05,0.00011124654702143744
2186,218600.0,2.8460845947265625,0.0006454940885305405,1.0461381094728495e-07,2.5259261747123674e-05,1.3907974789617583e-05,0.00011113479558844119
2187,218700.0,2.9036688804626465,0.0002833241014741361,7.406573132584526e-08,1.0799136362038553e-05,1.3271597708808258e-05,0.00011102316057076678
2188,218800.0,2.9820024967193604,0.0001176248406409286,2.2478715777651814e-08,4.204306605970487e-06,1.2494692782638595e-05,0.00011091163469245657
2189,218900.0,2.9349586963653564,0.0002568434283602983,1.8498980125514208e-08,9.676426998339593e-06,1.4914240637153853e-05,0.00011080021067755297
2190,219000.0,3.0048773288726807,0.00014493826893158257,8.195319622927855e-08,5.228318059380399e-06,1.4148364243737888e-05,0.00011068892490584403
2191,219100.0,2.800861358642578,0.0001349508238490671,4.830083355500392e-08,4.8639444685250055e-06,1.3303911146067549e-05,0.00011057771916966885
2192,219200.0,2.60660982131958,0.0001556108327349648,1.616599831777421e-08,5.6686967582209036e-06,1.3877239325665869e-05,0.00011046665167668834
2193,219300.0,2.6939539909362793,5.0950751756317914e-05,2.2548254818843816e-08,1.4846598332951544e-06,1.3811708413413726e-05,0.00011035567877115682
2194,219400.0,2.649045944213867,0.00026673893444240093,3.90504908409639e-08,1.0107488378707785e-05,1.401266945322277e-05,0.0001102448150049895
2195,219500.0,2.5894148349761963,0.00014057870430406183,9.845378734496535e-09,5.140043867868371e-06,1.206776505568996e-05,0.00011013408948201686
2196,219600.0,2.633810520172119,0.00018330200691707432,4.229409711342669e-08,6.875726739963284e-06,1.1366540093149524e-05,0.00011002344399457797
2197,219700.0,2.824340343475342,0.00010158545774174854,1.305580976662668e-08,3.5382415717322147e-06,1.3116369700583164e-05,0.00010991293675033376
2198,219800.0,2.615764617919922,0.00014880008529871702,1.8275972735182222e-08,5.4142192311701365e-06,1.342632640444208e-05,0.00010980251681758091
2199,219900.0,2.589376926422119,0.0001536496711196378,5.029259497746352e-08,5.650930688716471e-06,1.2326107935223263e-05,0.00010969220602419227
2200,220000.0,2.605260133743286,0.0003252872556913644,3.955665306420997e-08,1.257718940905761e-05,1.0817992006195709e-05,0.0001095820261980407
2201,220100.0,2.7040560245513916,0.00017139894771389663,1.0681287676561624e-07,6.381922958098585e-06,1.1744062248908449e-05,0.00010947194823529571
2202,220200.0,2.674475908279419,0.00015601304767187685,4.58578526263409e-08,5.688476448995061e-06,1.3755279724136926e-05,0.00010936198668787256
2203,220300.0,2.7395973205566406,0.000236211548326537,6.136613706075877e-08,8.866319149092305e-06,1.4492208720184863e-05,0.000109252127003856
2204,220400.0,2.9355947971343994,0.00016595875786151737,7.921052258552663e-08,6.080909315642202e-06,1.3856821169611067e-05,0.00010914237645920366
2205,220500.0,2.718782424926758,0.0001407755189575255,9.233634301608618e-09,5.139038876222912e-06,1.2290297490835655e-05,0.00010903274960583076
2206,220600.0,2.733776569366455,0.00022518729383591563,7.288598169452598e-08,8.482706107315607e-06,1.3046759704593569e-05,0.00010892321733990684
2207,220700.0,2.64758038520813,0.00015394960064440966,3.0343919377173734e-08,5.649976628774311e-06,1.266984600079013e-05,0.00010881381604121998
2208,220800.0,2.683023452758789,0.00016844773199409246,3.931551972868874e-08,6.190661224536598e-06,1.364187482977286e-05,0.00010870449477806687
2209,220900.0,2.5958454608917236,0.00012667442206293344,5.0532882767129195e-08,4.529535090114223e-06,1.3385501006268896e-05,0.0001085952899302356
2210,221000.0,2.7876217365264893,0.000276334147201851,3.277523319411557e-08,1.0468772416061256e-05,1.4582064068235923e-05,0.00010848620877368376
2211,221100.0,2.804025411605835,0.00013486004900187254,1.264213089768873e-08,4.833413186133839e-06,1.4012071915203705e-05,0.00010837723675649613
2212,221200.0,2.59723162651062,0.00018769121379591525,4.026937361345517e-08,6.988339009694755e-06,1.2942467037646566e-05,0.00010826837387867272
2213,221300.0,2.598689556121826,0.00013789042714051902,5.314827333791072e-08,5.014546786696883e-06,1.2473615242925007e-05,0.0001081596128642559
2214,221400.0,2.595407724380493,0.00012448584311641753,5.635040167817351e-08,4.5003057493886445e-06,1.1921853911189828e-05,0.00010805095371324569
2215,221500.0,2.607367753982544,0.00021555647253990173,3.95588592994045e-08,8.035890459723305e-06,1.4619647117797285e-05,0.00010794242552947253
2216,221600.0,2.60036563873291,0.00020127421885263175,4.7216872189892456e-08,7.498267223127186e-06,1.3770315490546636e-05,0.00010783397738123313
2217,221700.0,2.604076385498047,0.00018125744827557355,1.3395298026352975e-07,6.60166506349924e-06,1.608186721568927e-05,0.00010772566020023078
2218,221800.0,3.107208251953125,0.00019393768161535263,1.9865726841317155e-08,7.165534952946473e-06,1.4779443517909385e-05,0.00010761744488263503
2219,221900.0,3.116201877593994,0.0001021603966364637,1.0334116673504923e-08,3.583794750738889e-06,1.2555196008179337e-05,0.0001075093459803611
2220,222000.0,2.787071943283081,0.0001366438955301419,4.55010145117285e-08,4.9840637075249106e-06,1.1996798093605321e-05,0.0001074013562174514
2221,222100.0,2.7601194381713867,0.0001564800477353856,1.0061126154425892e-08,5.6852750276448205e-06,1.4338114851852879e-05,0.00010729346104199067
2222,222200.0,2.625795364379883,0.0001514983014203608,2.2039426994524547e-07,5.500310635397909e-06,1.3770144505542703e-05,0.000107185696833767
2223,222300.0,2.6213579177856445,0.0001961727684829384,3.795068792555867e-08,7.298025593627244e-06,1.368418088532053e-05,0.00010707800538511947
2224,222400.0,2.618807554244995,0.00017411389853805304,2.55780143731954e-08,6.368271442624973e-06,1.4881537936162204e-05,0.00010697043762775138
2225,222500.0,2.6265790462493896,8.591172809246927e-05,1.0915350401319301e-08,2.9173843358876184e-06,1.2966208487341646e-05,0.00010686298628570512
2226,222600.0,2.621600866317749,0.00011291084229014814,1.2315191533218695e-08,3.97626854464761e-06,1.3491808203980327e-05,0.00010675564408302307
2227,222700.0,2.6340599060058594,0.00022711855126544833,2.3116431435710183e-08,8.582688678870909e-06,1.2528208571893629e-05,0.00010664841101970524
2228,222800.0,2.6929244995117188,0.00011458230437710881,2.838269530514026e-08,4.125933173781959e-06,1.1405593795643654e-05,0.00010654127254383639
2229,222900.0,2.756272077560425,0.00011451577302068472,1.7967659360351718e-08,4.080461167177418e-06,1.2486279047152493e-05,0.00010643424320733175
2230,223000.0,2.7517261505126953,0.0002613347314763814,8.16445790974285e-08,9.993513231165707e-06,1.1415288099669851e-05,0.00010632733756210655
2231,223100.0,2.842456579208374,7.507512054871768e-05,5.424987570279427e-09,2.509466639821767e-06,1.2333028280409053e-05,0.00010622052650433034
2232,223200.0,2.7700612545013428,0.00013308266352396458,1.953641870500178e-08,4.860508397541707e-06,1.1550405361049343e-05,0.00010611383186187595
2233,223300.0,2.744748830795288,0.00020925256831105798,9.252003252413488e-08,7.938497219583951e-06,1.0697615834942553e-05,0.00010600723180687055
2234,223400.0,2.706559419631958,0.00011786074901465327,4.2779099374001817e-08,4.141681074543158e-06,1.4275938156060874e-05,0.00010590074816718698
2235,223500.0,2.7368180751800537,0.0001518803182989359,2.3383970315649094e-08,5.581703589996323e-06,1.2314340892771725e-05,0.00010579437366686761
2236,223600.0,2.69457745552063,0.0001305314217461273,1.67284817109703e-08,4.732286015496356e-06,1.2207538020447828e-05,0.00010568809375399724
2237,223700.0,2.643378973007202,0.00010691080387914553,6.922444129031646e-08,3.825033672910649e-06,1.1215736776648555e-05,0.00010558193025644869
2238,223800.0,2.7119224071502686,0.00015600360347889364,2.49707206023686e-08,5.720859917346388e-06,1.2957138096680865e-05,0.00010547586862230673
2239,223900.0,2.6067111492156982,0.00013739796122536063,7.616669073229332e-09,4.995335530111333e-06,1.2506964594649617e-05,0.00010536990157561377
2240,224000.0,2.597111463546753,0.00017759125330485404,1.2665971382830321e-08,6.7051651058136486e-06,9.949460036295932e-06,0.00010526406549615785
2241,224100.0,2.709883451461792,0.0002206688659498468,6.965169774275637e-08,8.237130714405794e-06,1.46709535329137e-05,0.00010515831672819331
2242,224200.0,2.5997848510742188,0.00025947068934328854,2.9370541554385454e-08,9.863439117907546e-06,1.2855326531280298e-05,0.00010505269165150821
2243,224300.0,2.7236874103546143,0.00017916368960868567,1.727674892038067e-08,6.646122074016603e-06,1.299336327065248e-05,0.0001049471611622721
2244,224400.0,2.690458297729492,0.00016189008601941168,6.08253358791444e-08,5.957814209978096e-06,1.2883900126325898e-05,0.00010484173981240019
2245,224500.0,2.596748113632202,0.00022166664712131023,1.0110900916515675e-07,8.273494131572079e-06,1.4728183487022761e-05,0.00010473642032593489
2246,224600.0,2.5963237285614014,0.00014076099614612758,3.042304541622798e-08,5.112831331643974e-06,1.2909789802506566e-05,0.0001046312099788338
2247,224700.0,2.745030403137207,0.00010994062904501334,7.937725143847274e-08,3.920082235708833e-06,1.1859194273711182e-05,0.00010452610877109692
2248,224800.0,2.986776113510132,0.0001916471082950011,3.443807372605079e-08,7.1276822382060345e-06,1.3420598406810313e-05,0.00010442110942676663
2249,224900.0,2.959933280944824,0.00020899614901281893,5.662241164827719e-08,7.796159479767084e-06,1.4035541425982956e-05,0.00010431620466988534
2250,225000.0,3.0141186714172363,8.939694089349359e-05,1.3025528211585424e-08,3.0892658742232015e-06,1.2152266208431683e-05,0.00010421141632832587
2251,225100.0,3.298555374145508,0.0001927112025441602,6.101555527493474e-08,7.268094122991897e-06,1.0947826012852602e-05,0.00010410673712613061
2252,225200.0,3.119842529296875,0.00021310198644641787,1.1413027323214919e-07,7.993811777851079e-06,1.314256132900482e-05,0.00010400216706329957
2253,225300.0,2.924356460571289,0.00019425632490310818,9.5834788993443e-09,7.1266890699916985e-06,1.6079502529464662e-05,0.0001038976915879175
2254,225400.0,2.832943916320801,0.0001978094078367576,3.4909522383941294e-08,7.4102217695326544e-06,1.251894991582958e-05,0.00010379331069998443
2255,225500.0,2.841370105743408,0.0001441574568161741,9.395764521968886e-08,5.183678695175331e-06,1.4471533177129459e-05,0.00010368906805524603
2256,225600.0,2.8537421226501465,0.00023707578657194972,9.184480376234205e-08,9.008996130432934e-06,1.1759030712710228e-05,0.00010358489817008376
2257,225700.0,2.745741605758667,8.309513941640034e-05,1.722938591797174e-08,2.8552442472573603e-06,1.1696799447236117e-05,0.00010348085197620094
2258,225800.0,2.863201141357422,0.00010780178854474798,3.5411698462439745e-08,3.7511538266699063e-06,1.3987530110171065e-05,0.0001033769003697671
2259,225900.0,2.818376302719116,0.00010449378896737471,7.457514783482111e-08,3.6516348700388335e-06,1.3128338650858495e-05,0.00010327304335078225
2260,226000.0,2.8245959281921387,0.00022166172857396305,4.683066379129741e-08,8.40945722302422e-06,1.1378456292732153e-05,0.00010316931729903445
2261,226100.0,2.90889310836792,0.00021067637135274708,1.0777797854188975e-07,7.866006853873841e-06,1.3918431250203867e-05,0.0001030656712828204
2262,226200.0,2.7149362564086914,0.0002142176090274006,2.2698214863225985e-08,7.982724127941765e-06,1.4626798474637326e-05,0.0001029621489578858
2263,226300.0,2.808804988861084,0.00017281014879699796,2.3733765175393273e-08,6.442645826609805e-06,1.1720277143467683e-05,0.00010285871394444257
2264,226400.0,2.7696149349212646,0.00024772610049694777,6.412072650618938e-08,9.33024421101436e-06,1.4405876754608471e-05,0.00010275538807036355
2265,226500.0,2.9960453510284424,0.00017433633911423385,9.000902423395019e-08,6.4853616095206235e-06,1.2112306649214588e-05,0.00010265217133564875
2266,226600.0,2.867889881134033,9.911802044371143e-05,1.4121616764839473e-08,3.2662399007676868e-06,1.7447899153921753e-05,0.00010254905646434054
2267,226700.0,3.122248888015747,0.0002206615754403174,2.6654507934154026e-08,8.353256816917565e-06,1.1803494999185205e-05,0.00010244605073239654
2268,226800.0,3.145617723464966,0.00011120780982309952,1.757749323871849e-08,3.962841674365336e-06,1.2119194252591114e-05,0.00010234313231194392
2269,226900.0,2.864056348800659,0.00015304140106309205,1.94810183984373e-07,5.587439773080405e-06,1.31606084323721e-05,0.0001022403230308555
2270,227000.0,2.8750967979431152,6.584109360119328e-05,2.2090627993520684e-08,2.1239764009806095e-06,1.2719589904008899e-05,0.0001021376156131737
2271,227100.0,2.951206922531128,0.00016621063696220517,2.9704438020417e-08,6.1924283727421425e-06,1.1370228094165213e-05,0.00010203501005889848
2272,227200.0,2.656193733215332,0.00019047086243517697,1.9635257331174216e-07,7.115374501154292e-06,1.2390154552122112e-05,0.00010193252091994509
2273,227300.0,2.696697473526001,0.00014015697524882853,3.901796929994816e-08,5.131068974151276e-06,1.1841239938803483e-05,0.00010183012636844069
2274,227400.0,2.599027156829834,0.0001230264751939103,8.051225108829385e-08,4.438454652699875e-06,1.1984591765212826e-05,0.0001017278409563005
2275,227500.0,2.6374731063842773,0.00017445765843149275,1.6344317899097405e-08,6.434951046685455e-06,1.3567538189818151e-05,0.00010162565013160929
2276,227600.0,2.6278319358825684,0.00012501931632868946,1.2170648489018276e-08,4.525428266788367e-06,1.1871446076838765e-05,0.00010152356117032468
2277,227700.0,2.6039111614227295,0.00018809325410984457,3.4672307691607784e-08,6.98539179211366e-06,1.3423781638266519e-05,0.00010142158134840429
2278,227800.0,2.6013176441192627,0.00018397388339508325,2.5299257799815678e-08,6.889674750709673e-06,1.1706707482517231e-05,0.00010131969611393288
2279,227900.0,2.6946544647216797,0.00013828299415763468,7.236065613369647e-08,5.021776360081276e-06,1.2666220754908863e-05,0.00010121790546691045
2280,228000.0,2.6734611988067627,0.0002981338184326887,3.3671209820340664e-08,1.1464879207778722e-05,1.1478176929813344e-05,0.00010111624578712508
2281,228100.0,2.7047853469848633,0.00015113702102098614,7.896090892245411e-08,5.532602244784357e-06,1.2743014849547762e-05,0.00010101466614287347
2282,228200.0,2.5851175785064697,0.00013077603944111615,2.5093887856542096e-08,4.7502735469606705e-06,1.1994111446256284e-05,0.00010091321018990129
2283,228300.0,2.6245169639587402,0.0002158112038159743,3.105806456460414e-08,8.096806595858652e-06,1.3359979675442446e-05,0.00010081182699650526
2284,228400.0,2.5887649059295654,5.0214493967359886e-05,7.913917521307212e-09,1.4224890492187114e-06,1.4644357179349754e-05,0.00010071055294247344
2285,228500.0,2.794532060623169,8.289232209790498e-05,1.8683669722463492e-08,2.6843842988455435e-06,1.5764029740239494e-05,0.00010060939530376345
2286,228600.0,2.8968937397003174,0.0001477354089729488,3.3947308963888645e-08,5.414990027929889e-06,1.2326714568189345e-05,0.00010050832497654483
2287,228700.0,2.7307000160217285,0.0001481696672271937,1.6806708913463808e-08,5.416937710833736e-06,1.2729416084766854e-05,0.00010040737106464803
2288,228800.0,2.588252544403076,0.00010802688484545797,3.712719731652214e-08,3.86635520044365e-06,1.1330880624882411e-05,0.00010030649718828499
2289,228900.0,2.591243267059326,0.00011128759797429666,4.8487052595191926e-08,3.958597972086864e-06,1.22741612358368e-05,0.00010020573972724378
2290,229000.0,2.585085153579712,0.00015877427358645946,3.132639747605026e-08,5.834499461343512e-06,1.2880449503427371e-05,0.00010010509140556678
2291,229100.0,2.8074750900268555,0.00016627917648293078,4.6713655166286117e-08,6.189433861436555e-06,1.1496626029838808e-05,0.00010000453039538115
2292,229200.0,2.818267583847046,0.0001224073494086042,4.3226457080436376e-08,4.415415787661914e-06,1.197873552882811e-05,9.990407852455974e-05
2293,229300.0,2.870589256286621,0.00014842186647001654,2.125703169042481e-08,5.417797183326911e-06,1.2955670172232203e-05,9.980371396522969e-05
2294,229400.0,2.9828121662139893,0.00011792938312282786,2.4447373903058178e-08,4.120211997360457e-06,1.4899630514264572e-05,9.970345126930624e-05
2295,229500.0,2.809480667114258,0.00016315537504851818,3.954199101485756e-08,6.102877250668826e-06,1.054390668286942e-05,9.960329771274701e-05
2296,229600.0,2.6999714374542236,0.00017442488751839846,2.742279825440619e-08,6.501400548586389e-06,1.1862462088174652e-05,9.950323874363676e-05
2297,229700.0,2.914128541946411,8.663160406285897e-05,1.598568566407721e-08,3.0466067073575687e-06,1.0450453373778146e-05,9.940328891389072e-05
2298,229800.0,2.7713541984558105,7.309104694286361e-05,1.4165571826652013e-08,2.4197249786084285e-06,1.2583755051309709e-05,9.930344094755128e-05
2299,229900.0,2.7824699878692627,0.00022435042774304748,4.942301146115824e-08,8.449754204775672e-06,1.305715341004543e-05,9.920368756866083e-05
2300,230000.0,2.8376474380493164,0.00013938038318883628,4.2967712943209335e-08,5.062815489509376e-06,1.276702187169576e-05,9.910403605317697e-05
2301,230100.0,2.9682652950286865,0.00014957239909563214,2.256381925747064e-08,5.545552994590253e-06,1.09109923869255e-05,9.90044791251421e-05
2302,230200.0,2.7234957218170166,0.0002112384681822732,8.61561133547184e-09,7.923464181658346e-06,1.314324890699936e-05,9.890503133647144e-05
2303,230300.0,2.871856689453125,0.00010364610352553427,2.6748548265231875e-08,3.6196067867422244e-06,1.3129189937899355e-05,9.880567085929215e-05
2304,230400.0,2.904898166656494,0.00020129795302636921,1.2611353383817914e-07,7.5632447078533005e-06,1.2090734344383236e-05,9.870640496956185e-05
2305,230500.0,2.7263853549957275,0.00014170900976751,1.7110656003183067e-08,5.1860079111065716e-06,1.2041701666021254e-05,9.860727732302621e-05
2306,230600.0,2.8064565658569336,9.833963849814609e-05,3.539596349355634e-08,3.419965196371777e-06,1.2805111509806011e-05,9.85082151601091e-05
2307,230700.0,2.8171820640563965,0.00021133918198756874,1.8487471109551734e-08,7.99105782789411e-06,1.1544246262928937e-05,9.840926941251382e-05
2308,230800.0,2.8041934967041016,0.00012206762039568275,1.8834596104966295e-08,4.294874997867737e-06,1.4676910723210312e-05,9.831041097640991e-05
2309,230900.0,2.7586352825164795,0.00017276885046157986,8.237533677402098e-08,6.444685823225882e-06,1.1569327398319729e-05,9.821163985179737e-05
2310,231000.0,2.7747347354888916,0.0002669834648258984,1.83661956754122e-08,1.0173794180445839e-05,1.262023943127133e-05,9.811299241846427e-05
2311,231100.0,2.734973192214966,0.00015169823018368334,2.4587242464235715e-08,5.607230832538335e-06,1.1492863450257573e-05,9.801442502066493e-05
2312,231200.0,2.8447837829589844,0.00014939635002519935,3.761534372870301e-08,5.450071512314025e-06,1.3106945516483393e-05,9.791597403818741e-05
2313,231300.0,2.7237775325775146,9.709654113976285e-05,4.933702157927655e-08,3.386684511497151e-06,1.2380095540720504e-05,9.781761764315888e-05
2314,231400.0,2.614398956298828,7.710696809226647e-05,1.052951859037421e-08,2.6243217234878102e-06,1.1488394193293061e-05,9.771935583557934e-05
2315,231500.0,2.5999414920806885,0.00010132302850252017,1.3693680855908497e-08,3.5161388041160535e-06,1.3405865502136294e-05,9.7621203167364e-05
2316,231600.0,2.6895346641540527,0.00011904464918188751,3.8094199794613814e-08,4.3014456423406955e-06,1.1470407116576098e-05,9.752313053468242e-05
2317,231700.0,3.088022232055664,0.00013020983897149563,5.998985130872825e-08,4.741135853691958e-06,1.162145781563595e-05,9.742517431732267e-05
2318,231800.0,2.894249439239502,9.407861216459423e-05,9.77833813919915e-09,3.2642274163663387e-06,1.2463148777897004e-05,9.732730541145429e-05
2319,231900.0,2.6543095111846924,0.00017111480701714754,4.619835536345818e-08,6.353825938276714e-06,1.2222956684126984e-05,9.72295310930349e-05
2320,232000.0,2.5836448669433594,0.00017188885249197483,7.56271631985328e-08,6.424954335670918e-06,1.1189364158781245e-05,9.713186591397971e-05
2321,232100.0,2.6867623329162598,0.00020523410057649016,9.407341394762625e-08,7.801396350259893e-06,1.0105113688041456e-05,9.703429532237351e-05
2322,232200.0,2.5995728969573975,9.189067350234836e-05,1.1250262055284566e-08,3.1471538477489958e-06,1.3200579815020319e-05,9.693682659417391e-05
2323,232300.0,2.735426425933838,0.00019306530884932727,4.5098719425595846e-08,7.205976544355508e-06,1.287080431211507e-05,9.683944517746568e-05
2324,232400.0,3.023026466369629,0.00025573279708623886,4.4827121570278905e-08,9.742122529132757e-06,1.2134911230532452e-05,9.674216562416404e-05
2325,232500.0,2.8375070095062256,0.00015756474749650806,2.878831573127627e-08,5.7801648836175445e-06,1.3031840353505686e-05,9.664498793426901e-05
2326,232600.0,2.6710970401763916,0.00011421733506722376,6.708404498567688e-09,4.0668942347110715e-06,1.253827394975815e-05,9.654789755586535e-05
2327,232700.0,2.7556986808776855,0.00014503291458822787,9.424745428532333e-09,5.249021796771558e-06,1.3797938663628884e-05,9.64509163168259e-05
2328,232800.0,2.7828736305236816,0.00014701898908242583,2.1773107761191568e-08,5.383431926020421e-06,1.2411412171786651e-05,9.635402966523543e-05
2329,232900.0,2.8497414588928223,0.00013689833576790988,2.5633541511638214e-08,4.997146788809914e-06,1.194402102555614e-05,9.625723032513633e-05
2330,233000.0,2.790074348449707,0.00016383698675781488,3.257804337408743e-08,6.0565412240976e-06,1.2390873962431215e-05,9.616054740035906e-05
2331,233100.0,2.886255979537964,0.0002799674984999001,1.2745316801954232e-08,1.0795305570354685e-05,1.0072108125314116e-05,9.606394451111555e-05
2332,233200.0,2.693089246749878,0.00018829818873200566,1.1550042700037011e-07,7.015711616986664e-06,1.2789897482434753e-05,9.596745076123625e-05
2333,233300.0,2.583505868911743,9.502833563601598e-05,1.5898210747877783e-08,3.3874512155307457e-06,1.0326151823392138e-05,9.587105159880593e-05
2334,233400.0,2.5915486812591553,0.0001676939573371783,4.882130610894819e-08,6.265619504119968e-06,1.1004657608282287e-05,9.577473974786699e-05
2335,233500.0,2.599283218383789,0.00013268437760416418,5.4875552990552023e-08,4.8567831072432455e-06,1.1209924196009524e-05,9.567853703629225e-05
2336,233600.0,2.709780693054199,0.0002429702872177586,4.285605825771199e-08,9.188249350700062e-06,1.3221207154856529e-05,9.558242163620889e-05
2337,233700.0,2.735130786895752,0.00022118138440418988,2.5552424176567e-08,8.296990927192383e-06,1.3731059880228713e-05,9.548641537548974e-05
2338,233800.0,2.905059337615967,0.00010160259989788756,1.1549002643107542e-08,3.5218574794271262e-06,1.3544618923333474e-05,9.539048915030435e-05
2339,233900.0,2.933851957321167,0.00021187386300880462,9.074060614011614e-08,7.975051630637608e-06,1.2406831956468523e-05,9.529466478852555e-05
2340,234000.0,2.860056161880493,0.00017506223230157048,5.532590563461781e-08,6.476907401520293e-06,1.3084222700854298e-05,9.519894956611097e-05
2341,234100.0,2.759387731552124,0.0001344298361800611,2.602056952127896e-07,4.875149443250848e-06,1.2290898666833527e-05,9.510330710327253e-05
2342,234200.0,2.7180466651916504,0.00015917203563731164,6.103967109538644e-08,5.783300366601907e-06,1.4528493011312094e-05,9.500778105575591e-05
2343,234300.0,2.6546671390533447,9.219342609867454e-05,5.065862840325508e-09,3.213717036487651e-06,1.1845433618873358e-05,9.491234231973067e-05
2344,234400.0,2.7984681129455566,9.469524957239628e-05,4.19462722334174e-08,3.308989107608795e-06,1.1928575986530632e-05,9.481699817115441e-05
2345,234500.0,2.8544435501098633,9.49691457208246e-05,2.323645809099162e-08,3.3033929867087863e-06,1.236107709701173e-05,9.472175588598475e-05
2346,234600.0,2.7573373317718506,0.00017324177315458655,9.57857366756798e-08,6.383436812029686e-06,1.3560071238316596e-05,9.462660091230646e-05
2347,234700.0,2.8996410369873047,0.000113298898213543,4.433806921610994e-08,4.120590347156394e-06,1.0239794391964097e-05,9.453155507799238e-05
2348,234800.0,3.0376336574554443,0.00014178655692376196,3.481907029367903e-08,5.141002020536689e-06,1.32266814034665e-05,9.443658927921206e-05
2349,234900.0,2.967616081237793,0.00010524946264922619,9.69786562166064e-09,3.7143349800317083e-06,1.2381385204207618e-05,9.434172534383833e-05
2350,235000.0,2.778383731842041,0.0002077021636068821,2.503318619062611e-08,7.789242772560101e-06,1.2946074093633797e-05,9.42469559959136e-05
2351,235100.0,2.904512405395508,0.00014644386828877032,5.860968954607415e-08,5.419107310444815e-06,1.0907575415330939e-05,9.415227395948023e-05
2352,235200.0,2.8796932697296143,0.00018341327086091042,3.081156663142792e-08,6.927596132300096e-06,1.0192554327659309e-05,9.40577156143263e-05
2353,235300.0,2.836780071258545,0.00012792662892024964,1.891629430872399e-08,4.743893441627733e-06,9.310379937232938e-06,9.39632227527909e-05
2354,235400.0,2.778391122817993,0.0001436379534425214,1.010982089155732e-07,5.198762210056884e-06,1.3567812857218087e-05,9.386881720274687e-05
2355,235500.0,2.7612602710723877,0.00013970515283290297,4.521428564885355e-08,5.1372276175243314e-06,1.1229244591959286e-05,9.377453534398228e-05
2356,235600.0,2.615299701690674,0.0001451092102797702,4.2299728164607586e-08,5.287379735818831e-06,1.2882414921477903e-05,9.368032624479383e-05
2357,235700.0,2.594578981399536,0.0001458733604522422,1.9121220162787722e-08,5.373349267756566e-06,1.152050663222326e-05,9.358623356092721e-05
2358,235800.0,2.644784450531006,0.0001219172845594585,1.100800250952716e-08,4.418192020239076e-06,1.1451476893853396e-05,9.349221363663673e-05
2359,235900.0,2.6949126720428467,0.00012754449562635273,2.5242316681328703e-08,4.542219357972499e-06,1.3963757737656124e-05,9.339830285171047e-05
2360,236000.0,2.723888635635376,0.00013106300320941955,1.0676970418899145e-08,4.736922164738644e-06,1.2629261618712917e-05,9.330448665423319e-05
2361,236100.0,2.6901795864105225,9.957549627870321e-05,1.3019237243838688e-08,3.5297791782795684e-06,1.1318002179905307e-05,9.321075049228966e-05
2362,236200.0,2.619436025619507,0.00014648897922597826,2.3852710029359514e-08,5.406461696111364e-06,1.1303590326861013e-05,9.311713074566796e-05
2363,236300.0,2.59482479095459,0.00014100839325692505,1.4411743798348198e-08,5.087070348963607e-06,1.3817233593726996e-05,9.302359103458002e-05
2364,236400.0,2.5949018001556396,0.00011095430818386376,3.570926310203504e-08,4.0148647713067476e-06,1.0546982593950815e-05,9.293013863498345e-05
2365,236500.0,2.600501537322998,0.0001828881649998948,3.956784766501187e-08,6.800514256610768e-06,1.2835735105909407e-05,9.283679537475109e-05
2366,236600.0,2.6906683444976807,9.298210352426395e-05,3.595648934151541e-08,3.186495632689912e-06,1.3283754014992155e-05,9.274352487409487e-05
2367,236700.0,2.7514185905456543,8.705547224963084e-05,1.2431208951113604e-08,3.074208734688e-06,1.018781495076837e-05,9.265037078876048e-05
2368,236800.0,2.5920448303222656,0.00017374947492498904,2.2738827709645193e-08,6.511811079690233e-06,1.0931464203167707e-05,9.255730401491746e-05
2369,236900.0,2.746661901473999,0.00011281941988272592,6.594726897901637e-08,4.068979706062237e-06,1.1028975677618291e-05,9.24643172766082e-05
2370,237000.0,2.7618911266326904,9.930498345056549e-05,2.375744223570564e-08,3.4993752251466503e-06,1.1796841135947034e-05,9.237144695362076e-05
2371,237100.0,3.0909221172332764,0.00010855001164600253,2.075420546532314e-08,3.824452960543567e-06,1.2917941603518557e-05,9.227864939020947e-05
2372,237200.0,2.8879294395446777,0.00013826065696775913,9.015570157089314e-08,5.000414148526033e-06,1.3160159141989425e-05,9.218596096616238e-05
2373,237300.0,2.672380208969116,0.0001720325817586854,3.2391724857916415e-08,6.363137799780816e-06,1.2921743291371968e-05,9.209335257764906e-05
2374,237400.0,2.589913845062256,0.0001464600209146738,1.4626601263501016e-08,5.429737484519137e-06,1.0701963219617028e-05,9.200083877658471e-05
2375,237500.0,2.604273796081543,0.00014098561950959265,2.5337769216093875e-08,5.158051408216124e-06,1.2009000784019008e-05,9.190843411488459e-05
2376,237600.0,2.598694086074829,0.00020865209808107466,1.689425666029365e-08,7.792116775817703e-06,1.383228118356783e-05,9.18161022127606e-05
2377,237700.0,2.5979878902435303,0.00012591280392371118,4.4255550335492444e-08,4.590935986925615e-06,1.109515051211929e-05,9.172387945000082e-05
2378,237800.0,2.6292455196380615,0.00010906132229138166,5.428287508379981e-08,3.8561724977626e-06,1.2602725291799288e-05,9.163172944681719e-05
2379,237900.0,2.7336480617523193,0.00016163592226803303,2.7303208582907246e-08,5.965610398561694e-06,1.2468352906580549e-05,9.153968130704015e-05
2380,238000.0,2.620619058609009,0.000159240240463987,3.945888593648306e-08,5.918920123804128e-06,1.1227776667510625e-05,9.144772047875449e-05
2381,238100.0,2.736914873123169,5.2349922043504193e-05,1.590669285178592e-08,1.629083271836862e-06,1.160693500423804e-05,9.135585423791781e-05
2382,238200.0,2.683927536010742,0.00010873206338146701,2.8609790092559706e-08,3.912357442459324e-06,1.0894519618886989e-05,9.126409713644534e-05
2383,238300.0,2.7980988025665283,0.0001418202737113461,2.3266713000680284e-08,5.281790890876437e-06,9.752231562742963e-06,9.117241279454902e-05
2384,238400.0,2.919095516204834,0.00010311896039638668,5.5080001004625956e-08,3.670338173833443e-06,1.1305426596663892e-05,9.108082304010168e-05
2385,238500.0,3.0435688495635986,0.00012563093332573771,1.0005635431298288e-08,4.561168680083938e-06,1.159171006293036e-05,9.098934242501855e-05
2386,238600.0,2.859999895095825,6.235462933545932e-05,1.467314891812066e-08,2.0483453226916026e-06,1.1131320206914097e-05,9.089793456951156e-05
2387,238700.0,2.682321071624756,0.00014278435264714062,1.5319992385798287e-08,5.250314188742777e-06,1.151117066910956e-05,9.080662857741117e-05
2388,238800.0,2.62732195854187,8.283544593723491e-05,4.0263323342060175e-08,2.863930603780318e-06,1.119691296480596e-05,9.071540262084454e-05
2389,238900.0,2.7406439781188965,0.0001172619013232179,1.9987908217444783e-08,4.208876362099545e-06,1.2020009307889268e-05,9.062427852768451e-05
2390,239000.0,2.8758962154388428,5.2630097343353555e-05,3.1090447549786404e-08,1.6529282902411069e-06,1.1275798897258937e-05,9.053324902197346e-05
2391,239100.0,2.90173602104187,0.00017738615861162543,2.3979740859658705e-08,6.5999975049635395e-06,1.2362250345177017e-05,9.044230682775378e-05
2392,239200.0,2.8453619480133057,8.016384526854381e-05,1.6605577357609036e-08,2.821275984388194e-06,9.615348062652629e-06,9.03514664969407e-05
2393,239300.0,2.880650281906128,9.067780047189444e-05,7.817657632358532e-09,3.197125806764234e-06,1.0741837286332157e-05,9.026069892570376e-05
2394,239400.0,2.7740588188171387,7.614127389388159e-05,2.7498126442537796e-08,2.5819283564487705e-06,1.15655675472226e-05,9.017002594191581e-05
2395,239500.0,2.8723437786102295,0.00020482586114667356,2.1125336147065354e-08,7.728044693067204e-06,1.1603603525145445e-05,9.007945482153445e-05
2396,239600.0,2.9434783458709717,6.80240846122615e-05,1.1624902818141436e-08,2.2080309918237617e-06,1.2811687156499829e-05,8.998895646072924e-05
2397,239700.0,2.854447841644287,0.00019474717555567622,7.904283449988725e-08,7.313098194572376e-06,1.1840672414109576e-05,8.989857451524585e-05
2398,239800.0,2.740614652633667,9.519059676676989e-05,7.302604299042059e-09,3.375990672793705e-06,1.0783522156998515e-05,8.9808258053381e-05
2399,239900.0,2.615379571914673,0.00016409001545980573,1.474944610890816e-08,6.078566457290435e-06,1.2111098840250634e-05,8.971805073088035e-05
2400,240000.0,2.638824462890625,9.261450031772256e-05,3.893119071562978e-08,3.280260443716543e-06,1.0569053301878739e-05,8.962792344391346e-05
2401,240100.0,2.8979861736297607,7.384607306448743e-05,1.0615636369948334e-08,2.442253162371344e-06,1.2779124517692253e-05,8.953788346843794e-05
2402,240200.0,2.6640515327453613,0.00010379611194366589,2.3859666242742605e-08,3.7163074466661783e-06,1.0864565410884097e-05,8.944795263232663e-05
2403,240300.0,2.7403838634490967,0.00019138710922561586,2.763131057292867e-08,7.1410117925552186e-06,1.2834178050979972e-05,8.935809455579147e-05
2404,240400.0,2.667703151702881,0.00013483749353326857,1.0017326701472484e-07,4.959015768690733e-06,1.0761929843283724e-05,8.926832379074767e-05
2405,240500.0,2.722548246383667,0.00015367605374194682,2.6225693616765966e-08,5.692900231224485e-06,1.1327326319587883e-05,8.917866216506809e-05
2406,240600.0,2.7351648807525635,0.00010777780698845163,1.6454048790137676e-08,3.839499640889699e-06,1.1773869118769653e-05,8.908908057492226e-05
2407,240700.0,2.739884614944458,0.00013355784176383168,8.281002550347694e-09,4.889376668870682e-06,1.131515182350995e-05,8.899958629626781e-05
2408,240800.0,2.9176278114318848,0.00020913497428409755,2.332367756707754e-07,7.804105734976474e-06,1.379908098897431e-05,8.891017205314711e-05
2409,240900.0,2.890141248703003,9.832560317590833e-05,3.3125875376072145e-08,3.432253379287431e-06,1.2486140803957824e-05,8.8820859673433e-05
2410,241000.0,2.881723642349243,0.00010408036905573681,6.31307344178822e-08,3.7733007047791034e-06,9.68472522799857e-06,8.873164188116789e-05
2411,241100.0,2.7878005504608154,0.00017750613915268332,1.6293377314013924e-08,6.659800419583917e-06,1.0994829608534928e-05,8.864249684847891e-05
2412,241200.0,2.6006836891174316,0.0001469250419177115,3.055677666452539e-08,5.43099577043904e-06,1.1119586815766525e-05,8.855346095515415e-05
2413,241300.0,2.832676649093628,0.00011524007277330384,2.396598297593755e-08,4.192103006062098e-06,1.0413535164843779e-05,8.846450509736314e-05
2414,241400.0,2.6638429164886475,0.00015486405754927546,3.4640379453776404e-08,5.73527586311684e-06,1.1447521501395386e-05,8.83756292751059e-05
2415,241500.0,2.729602098464966,0.0001362043694825843,2.6458943480633934e-08,5.0015592023555655e-06,1.1138940863020252e-05,8.828686259221286e-05
2416,241600.0,2.7920455932617188,0.00016401430184487253,7.811391355971864e-08,6.034900707163615e-06,1.3063676306046546e-05,8.819818322081119e-05
2417,241700.0,2.857391357421875,0.00016322173178195953,4.5142495963546025e-08,6.061428393877577e-06,1.1640883712971117e-05,8.810959116090089e-05
2418,241800.0,2.8636322021484375,0.00020168274932075292,7.606313801034048e-08,7.620693850185489e-06,1.108934884541668e-05,8.802107186056674e-05
2419,241900.0,2.644196033477783,0.00012221658835187554,6.988665290919016e-08,4.445319063961506e-06,1.1013714356522541e-05,8.793264714768156e-05
2420,242000.0,2.8715333938598633,0.00015137539594434202,1.061918482037072e-07,5.627245627692901e-06,1.0588081750029232e-05,8.784432429820299e-05
2421,242100.0,3.0311877727508545,9.128903184318915e-05,2.742060090099585e-08,3.2465718504681718e-06,1.0097313861479051e-05,8.775608148425817e-05
2422,242200.0,2.9358434677124023,0.00016520071949344128,1.9388393113217717e-08,6.156484232633375e-06,1.1269240530964453e-05,8.766793325776234e-05
2423,242300.0,2.9027819633483887,0.0001350817474303767,1.5491014693225225e-08,4.948642526869662e-06,1.1350188287906349e-05,8.757986506680027e-05
2424,242400.0,2.8961679935455322,0.00011638979049166664,4.6319648561166105e-08,4.236682343616849e-06,1.0426410881336778e-05,8.749188418732956e-05
2425,242500.0,2.882606267929077,0.00016158170183189213,5.655359558431883e-08,6.025687525834655e-06,1.0882977221626788e-05,8.740400517126545e-05
2426,242600.0,2.614586114883423,9.419675188837573e-05,2.7183370221450787e-08,3.357029981998494e-06,1.0243819815514144e-05,8.731619891477749e-05
2427,242700.0,2.5937561988830566,9.538898302707821e-05,6.874299174342013e-08,3.3740923299774295e-06,1.0967927664751187e-05,8.722849452169612e-05
2428,242800.0,2.592987537384033,0.00012008636986138299,1.93742266674235e-08,4.285279374016682e-06,1.2935007362102624e-05,8.71408628881909e-05
2429,242900.0,2.5902671813964844,0.00013454206055030227,2.5093951805388315e-08,4.9575969569559675e-06,1.0577048669802025e-05,8.705331856617704e-05
2430,243000.0,2.5951790809631348,0.00013622247206512839,6.304583166638622e-08,4.933476247970248e-06,1.282251650991384e-05,8.696587610756978e-05
2431,243100.0,2.6942503452301025,9.763933485373855e-05,1.0495836200163922e-08,3.446917617111467e-06,1.145589612860931e-05,8.68785209604539e-05
2432,243200.0,2.584686040878296,9.981327457353473e-05,1.8332174889224007e-08,3.463644816292799e-06,1.3203816706663929e-05,8.6791260400787e-05
2433,243300.0,2.5855650901794434,0.00016018272435758263,6.833607013589926e-09,5.9287744988978375e-06,1.1956516573263798e-05,8.670406532473862e-05
2434,243400.0,2.5925276279449463,0.0001348931691609323,2.3441851126904112e-08,4.852064193983097e-06,1.3568114809459075e-05,8.661696483613923e-05
2435,243500.0,2.7461001873016357,8.58085259096697e-05,2.4181614932672346e-08,2.9575346616184106e-06,1.1845977496705018e-05,8.652995893498883e-05
2436,243600.0,2.5922257900238037,0.00013393128756433725,7.182357375512538e-09,4.950430138705997e-06,1.0163352271774784e-05,8.644303306937218e-05
2437,243700.0,2.590115547180176,0.00011619980068644509,5.286128157422354e-08,4.251874088367913e-06,9.850089554674923e-06,8.635620179120451e-05
2438,243800.0,2.6617612838745117,8.963369327830151e-05,3.234533352269864e-08,3.184885827067774e-06,9.979204151022714e-06,8.62694505485706e-05
2439,243900.0,3.0269370079040527,7.012860442046076e-05,1.1196271465507834e-08,2.3207660433399724e-06,1.2098253137082793e-05,8.618279389338568e-05
2440,244000.0,2.9968879222869873,8.370477735297754e-05,1.7095670656885886e-08,2.8608765205717646e-06,1.2165765838290099e-05,8.609623182564974e-05
2441,244100.0,3.114903450012207,0.0001346686767647043,1.605368815660313e-08,4.962460479873698e-06,1.0591116733849049e-05,8.600973524153233e-05
2442,244200.0,2.9420173168182373,0.0001451983698643744,1.4664136571695963e-08,5.35440130988718e-06,1.1323681974317878e-05,8.592334052082151e-05
2443,244300.0,2.8595919609069824,0.00013731229410041124,2.2689160772415562e-08,5.073324700788362e-06,1.045649878506083e-05,8.583702583564445e-05
2444,244400.0,2.670816421508789,8.94110489753075e-05,3.871998544013877e-08,3.1103170385904377e-06,1.1614401046244893e-05,8.575079118600115e-05
2445,244500.0,2.7806053161621094,0.0001025910023599863,1.6607099695420402e-08,3.733526227733819e-06,9.236247933586128e-06,8.566466567572206e-05
2446,244600.0,3.146136999130249,9.101775503950194e-05,1.0419619833612614e-08,3.20016329169448e-06,1.1003256986441556e-05,8.55786056490615e-05
2447,244700.0,2.7456061840057373,0.00011064569844165817,1.0571836739359242e-08,3.956052751163952e-06,1.173380769614596e-05,8.549265476176515e-05
2448,244800.0,3.0861399173736572,0.00011400642688386142,2.4415395927235295e-08,4.036713562527439e-06,1.3064169252174906e-05,8.540676935808733e-05
2449,244900.0,2.99008846282959,8.523491851519793e-05,3.094019973559625e-08,2.926257366198115e-06,1.2047546988469549e-05,8.532097126590088e-05
2450,245000.0,3.077136516571045,8.132503717206419e-05,4.380814644378006e-08,2.769855427686707e-06,1.2034838619001675e-05,8.523526776116341e-05
2451,245100.0,2.7916922569274902,0.00011413112952141091,1.0301813091473377e-07,4.089453796041198e-06,1.1791767974500544e-05,8.514963701600209e-05
2452,245200.0,2.691901683807373,4.563694528769702e-05,6.498688698286514e-09,1.4085592283663573e-06,1.0416469194751699e-05,8.506410813424736e-05
2453,245300.0,2.867483615875244,0.00011444991832831874,1.11979110428706e-08,4.1757789404073264e-06,1.0044246664620005e-05,8.497865201206878e-05
2454,245400.0,3.095423460006714,0.00010438336903462186,1.4906754941534928e-08,3.760389972740086e-06,1.0358704457757995e-05,8.489329047733918e-05
2455,245500.0,2.9922640323638916,8.446370338788256e-05,5.516454404386195e-09,2.9404116048681317e-06,1.0947901500912849e-05,8.480801625410095e-05
2456,245600.0,3.085357427597046,0.00015395342779811472,9.597438577202411e-08,5.697055712516885e-06,1.1431071470724419e-05,8.472282206639647e-05
2457,245700.0,3.243058919906616,9.023591701406986e-05,2.1903920455201842e-08,3.23224821840995e-06,9.407812285644468e-06,8.463771519018337e-05
2458,245800.0,2.6836724281311035,0.0001143391418736428,2.2230521423693972e-08,4.13579846281209e-06,1.0921956345555373e-05,8.455270290141925e-05
2459,245900.0,2.723520040512085,0.00010477464093128219,2.422940958979325e-08,3.765462452065549e-06,1.0613854101393372e-05,8.446775609627366e-05
2460,246000.0,2.9366588592529297,0.00011226401693420485,8.408405527404739e-09,4.048758910357719e-06,1.103662907553371e-05,8.438291115453467e-05
2461,246100.0,3.146979331970215,0.00017112717614509165,1.3319350955498521e-08,6.381794719345635e-06,1.156898451881716e-05,8.429814624832943e-05
2462,246200.0,2.9935319423675537,0.0001303995231864974,1.7822744169393445e-08,4.76757122669369e-06,1.1192412785021588e-05,8.421346865361556e-05
2463,246300.0,2.9959590435028076,0.00018138840096071362,1.3356301842293306e-08,6.771645075787092e-06,1.2083917681593448e-05,8.412887837039307e-05
2464,246400.0,2.8389599323272705,0.00021132512483745813,2.1235017300114123e-08,8.009867087821476e-06,1.1057211850129534e-05,8.40443535707891e-05
2465,246500.0,2.6769702434539795,0.0001313308603130281,1.4774586887256191e-08,4.843034730583895e-06,1.0240220944979228e-05,8.395993791054934e-05
2466,246600.0,2.9809863567352295,0.000155151094077155,3.960284189474805e-08,5.771202722826274e-06,1.0831420695467386e-05,8.387559500988573e-05
2467,246700.0,3.002828598022461,5.076460001873784e-05,8.558514785761417e-09,1.6002189795472077e-06,1.075056479749037e-05,8.379132486879826e-05
2468,246800.0,3.0508666038513184,0.00011193197860848159,8.213208246843351e-08,3.957732587878127e-06,1.2906532901979517e-05,8.3707163867075e-05
2469,246900.0,2.735483407974243,0.00015660202188882977,3.843890183929943e-08,5.750738637289032e-06,1.279510797758121e-05,8.362306834897026e-05
2470,247000.0,3.017718553543091,0.00011449665180407465,1.209087674425291e-08,4.149541837250581e-06,1.0746015504992101e-05,8.353908924618736e-05
2471,247100.0,3.1146254539489746,0.0001312565291300416,1.1662049104188554e-08,4.860075023316313e-06,9.742990187078249e-06,8.345516107510775e-05
2472,247200.0,3.011091470718384,8.181735029211268e-05,3.781872948138698e-08,2.821313501044642e-06,1.1246692338318098e-05,8.337132021551952e-05
2473,247300.0,2.594647169113159,0.0001154880301328376,1.433828433761164e-08,4.164819529250963e-06,1.1353203262842726e-05,8.32875884952955e-05
2474,247400.0,2.642350912094116,6.595504964934662e-05,1.4732187025856547e-08,2.2277388325164793e-06,1.0246842066408135e-05,8.320390770677477e-05
2475,247500.0,2.8834781646728516,7.518532947869971e-05,1.209683109237858e-08,2.5587344225641573e-06,1.120486376748886e-05,8.312033605761826e-05
2476,247600.0,2.9081220626831055,7.92826758697629e-05,2.0215942697632272e-08,2.6987879664375214e-06,1.179276569018839e-05,8.303683716803789e-05
2477,247700.0,2.671213150024414,5.004195554647595e-05,1.4045103746695986e-08,1.6111166587506887e-06,9.749995115271304e-06,8.295341103803366e-05
2478,247800.0,2.919304132461548,8.75152472872287e-05,1.6630018251362344e-08,3.052162583117024e-06,1.1194551007065456e-05,8.287010132335126e-05
2479,247900.0,2.942793846130371,6.88908839947544e-05,1.2147724604005816e-08,2.3196348593046423e-06,1.0887860298680607e-05,8.278685709228739e-05
2480,248000.0,2.830165386199951,6.708582805003971e-05,8.016269426036615e-09,2.235166675745859e-06,1.119864646170754e-05,8.270370017271489e-05
2481,248100.0,2.8038201332092285,0.00015049440844450146,1.7377931982309747e-08,5.602114470093511e-06,1.0424171705381013e-05,8.262061601271853e-05
2482,248200.0,2.7780487537384033,8.108170732157305e-05,2.7830436621911758e-08,2.7876610602106666e-06,1.136235732701607e-05,8.253761188825592e-05
2483,248300.0,2.8938162326812744,7.761648157611489e-05,2.596565806811668e-08,2.6320519737055292e-06,1.1789214113377966e-05,8.245470962719992e-05
2484,248400.0,2.596430778503418,9.740129462443292e-05,3.313720142728016e-08,3.4520744520705193e-06,1.1066293154726736e-05,8.237188012572005e-05
2485,248500.0,2.6267011165618896,6.926945934537798e-05,5.605068853498096e-09,2.359705831622705e-06,1.0271212886436842e-05,8.228913793573156e-05
2486,248600.0,2.917924404144287,0.00012215918104629964,9.957563662510438e-09,4.4386756599124055e-06,1.1182339221704751e-05,8.220647578127682e-05
2487,248700.0,2.896714687347412,0.00010812967229867354,3.015929905814119e-08,3.86071769753471e-06,1.1581574653973803e-05,8.212389366235584e-05
2488,248800.0,2.874788522720337,0.00014622353774029762,7.294133297364169e-08,5.435438652057201e-06,1.0264639058732428e-05,8.204139157896861e-05
2489,248900.0,2.7518575191497803,9.22113104024902e-05,3.6786342860750665e-08,3.247172116971342e-06,1.09952252387302e-05,8.195898408303037e-05
2490,249000.0,2.5837182998657227,0.00010591567843221128,4.160080990800452e-08,3.7890526982664596e-06,1.1147753866680432e-05,8.187665662262589e-05
2491,249100.0,2.706435441970825,0.00011145927419420332,5.785914325429076e-08,4.030932359455619e-06,1.062810952134896e-05,8.179440192179754e-05
2492,249200.0,2.586658477783203,0.00015161684132181108,2.589235315042515e-08,5.6741482694633305e-06,9.737256732478272e-06,8.171223453246057e-05
2493,249300.0,2.5939159393310547,0.00014095843653194606,1.2622101586146073e-08,5.163701644050889e-06,1.1853281648654956e-05,8.16301690065302e-05
2494,249400.0,2.5920586585998535,0.0001363950432278216,2.9846916049791616e-08,5.063748631073395e-06,9.771476470632479e-06,8.154816168826073e-05
2495,249500.0,2.6004457473754883,0.00019377931312192231,7.538439206200565e-08,7.2707885010458995e-06,1.1934214853681624e-05,8.146624895744026e-05
2496,249600.0,2.587858200073242,8.46827679197304e-05,4.950402043846225e-08,2.953790044557536e-06,1.0788512554427143e-05,8.138440898619592e-05
2497,249700.0,2.5845401287078857,0.00010948233830276877,1.5852450019337994e-08,3.933290827262681e-06,1.113421512854984e-05,8.130264905048534e-05
2498,249800.0,2.5904524326324463,7.222865679068491e-05,9.734600681099437e-09,2.4996231786644785e-06,9.728342774906196e-06,8.122098370222375e-05
2499,249900.0,2.5833182334899902,6.375274824677035e-05,7.724145767440405e-09,2.0977379335818114e-06,1.1301571248623077e-05,8.11393911135383e-05
2500,250000.0,2.585752010345459,0.00012139037426095456,2.1791572990537134e-08,4.344317403592868e-06,1.2760644494846929e-05,8.105788583634421e-05
2501,250100.0,2.84462571144104,0.0001225721644004807,2.7506946054245418e-08,4.499840542848688e-06,1.0048654075944796e-05,8.09764678706415e-05
2502,250200.0,2.749377965927124,0.00010127566201845184,1.4839210749073573e-08,3.6046978948434116e-06,1.1143373740196694e-05,8.089512266451493e-05
2503,250300.0,2.628880739212036,6.996635784162208e-05,1.7460092038845687e-08,2.4037760795181384e-06,9.854496965999715e-06,8.081386476987973e-05
2504,250400.0,2.5867273807525635,0.00013566139386966825,1.6956583692717686e-08,4.971492217009654e-06,1.135713500843849e-05,8.073267963482067e-05
2505,250500.0,2.6173667907714844,6.423322338378057e-05,2.098039431075449e-08,2.1441840090119513e-06,1.0607641343085561e-05,8.065158181125298e-05
2506,250600.0,2.6639578342437744,6.153441790957004e-05,3.0987998833609254e-09,2.0644311007345095e-06,9.920542652253062e-06,8.057056402321905e-05
2507,250700.0,2.602595090866089,9.563945059198886e-05,4.407979758980218e-08,3.3702322070894297e-06,1.1339563570800237e-05,8.048962627071887e-05
2508,250800.0,2.5932910442352295,0.00013966878759674728,3.186036323654662e-08,5.147950560058234e-06,1.0938158993667457e-05,8.040877582971007e-05
2509,250900.0,2.6825129985809326,8.723646897124127e-05,7.86780276484933e-08,3.098595243500313e-06,9.692916137282737e-06,8.03279981482774e-05
2510,251000.0,2.7302896976470947,8.523970609530807e-05,1.0095708269375336e-08,2.972864649564144e-06,1.0907993782893755e-05,8.024731505429372e-05
2511,251100.0,2.9252023696899414,9.967471123673022e-05,2.0373851938870757e-08,3.5273014873382635e-06,1.1471797733975109e-05,8.016670471988618e-05
2512,251200.0,2.8290953636169434,0.00010273998486809433,8.102307269552966e-09,3.6258913951314753e-06,1.2084594345651567e-05,8.008616714505479e-05
2513,251300.0,2.7794106006622314,8.754470763960853e-05,1.9237191395404807e-08,3.1009685699245892e-06,1.00012557595619e-05,8.000572415767238e-05
2514,251400.0,2.5885956287384033,8.197918214136735e-05,3.171434670434792e-08,2.8773167741746875e-06,1.0014549843617715e-05,7.99253539298661e-05
2515,251500.0,2.5876636505126953,9.901495650410652e-05,7.229447618328777e-08,3.529586592776468e-06,1.0702997315092944e-05,7.984506373759359e-05
2516,251600.0,2.638054370880127,8.359835192095488e-05,5.75617020714958e-09,2.925793523900211e-06,1.0447760359966196e-05,7.976486085681245e-05
2517,251700.0,2.608975410461426,0.00010927624680334702,1.0530429506161454e-07,3.964451934734825e-06,1.0059643500426318e-05,7.968473073560745e-05
2518,251800.0,2.5865190029144287,6.567624222952873e-05,4.1648156035023476e-09,2.2050187453714898e-06,1.0546616067586001e-05,7.960468792589381e-05
2519,251900.0,2.5907950401306152,9.973414125852287e-05,6.857311518615461e-08,3.5957671116193524e-06,9.7713846116676e-06,7.952472515171394e-05
2520,252000.0,2.590327739715576,0.0001492271403549239,1.5387145779754974e-08,5.504765340447193e-06,1.1592625014600344e-05,7.94448351371102e-05
2521,252100.0,2.6981704235076904,0.0001006988895824179,4.472155623602703e-08,3.60780063601851e-06,1.0459152690600604e-05,7.936502515804023e-05
2522,252200.0,2.5944738388061523,9.034189133672044e-05,2.0704820968830973e-08,3.2206692139880033e-06,9.80445202003466e-06,7.928530249046162e-05
2523,252300.0,2.588561534881592,6.462289456976578e-05,4.2224030494253384e-08,2.17836122828885e-06,1.012163920677267e-05,7.920566713437438e-05
2524,252400.0,2.6726911067962646,6.822814611950889e-05,1.6581923389935582e-08,2.302130042153294e-06,1.0658314749889541e-05,7.912610453786328e-05
2525,252500.0,2.5942046642303467,0.00010761523299152032,8.113238081364216e-09,3.866602128255181e-06,1.0942067092400976e-05,7.904662925284356e-05
2526,252600.0,2.5896801948547363,9.22802573768422e-05,1.2896512302518204e-08,3.252081569371512e-06,1.096532832889352e-05,7.896721217548475e-05
2527,252700.0,2.5874147415161133,0.0001505952823208645,1.8750750285789763e-08,5.568244432652136e-06,1.137041635956848e-05,7.88878824096173e-05
2528,252800.0,2.6568291187286377,0.00014530472981277853,2.8163741561115785e-08,5.364952812669799e-06,1.1152746992593165e-05,7.880864723119885e-05
2529,252900.0,2.6752188205718994,0.00010478572949068621,1.4334808007276933e-08,3.6902420106343925e-06,1.2515344678831752e-05,7.872947753639892e-05
2530,253000.0,2.7029597759246826,0.00013448973186314106,3.0716751808768095e-08,4.910886218567612e-06,1.1686867765092757e-05,7.865039515309036e-05
2531,253100.0,2.7012603282928467,0.00010630985343595967,1.3307941415519053e-08,3.8468019738502335e-06,1.0126494998985436e-05,7.857138552935794e-05
2532,253200.0,2.7687132358551025,0.00013819936430081725,2.863817805121016e-08,5.13753457198618e-06,9.732360922498628e-06,7.849245594115928e-05
2533,253300.0,2.8099637031555176,8.520315896021202e-05,7.516999467327423e-09,2.9635698410857003e-06,1.1106401871074922e-05,7.841361366445199e-05
2534,253400.0,2.6487953662872314,0.00010636872320901603,9.002698142523968e-09,3.752396651179879e-06,1.2549802704597823e-05,7.833484414732084e-05
2535,253500.0,2.713257312774658,9.84408034128137e-05,5.197233932108247e-08,3.5120174288749695e-06,1.0588392797217239e-05,7.825615466572344e-05
2536,253600.0,2.6017816066741943,7.316430128412321e-05,9.02742502972842e-09,2.4714024675631663e-06,1.1370214451744687e-05,7.817753794370219e-05
2537,253700.0,2.660440683364868,0.0001526556588942185,1.1571143154753827e-08,5.672731276717968e-06,1.0825812751136255e-05,7.80990012572147e-05
2538,253800.0,2.624559164047241,0.00010632143676048145,1.6663275204109596e-08,3.7424936181196244e-06,1.2742437320412137e-05,7.802055915817618e-05
2539,253900.0,2.589319944381714,0.00010253081563860178,9.04232333454047e-09,3.6701701446872903e-06,1.0767513231257908e-05,7.79421825427562e-05
2540,254000.0,2.586674213409424,9.361988486489281e-05,8.260677475391276e-08,3.319736606499646e-06,1.0543870303081349e-05,7.786389323882759e-05
2541,254100.0,2.696115493774414,9.299823432229459e-05,1.2114606207092038e-08,3.3172093480970943e-06,1.005588364932919e-05,7.778567669447511e-05
2542,254200.0,2.603459596633911,9.274723561247811e-05,7.71918262643112e-09,3.3196718050021445e-06,9.747724107000977e-06,7.770753290969878e-05
2543,254300.0,2.5927319526672363,4.6489461965393275e-05,2.598932447028801e-08,1.395145204696746e-06,1.1584839739953168e-05,7.762948371237144e-05
2544,254400.0,2.5905141830444336,0.0001366780634270981,3.87962479919679e-08,5.087415047455579e-06,9.453894563193899e-06,7.755148544674739e-05
2545,254500.0,2.5910284519195557,9.669867722550407e-05,3.1583468285134586e-08,3.40310998581117e-06,1.1589338100748137e-05,7.747358904452994e-05
2546,254600.0,2.6785974502563477,8.153386443154886e-05,1.0154308505150311e-08,2.833860662576626e-06,1.0677189493435435e-05,7.739576540188864e-05
2547,254700.0,2.6013832092285156,9.756599320098758e-05,5.750978715468591e-08,3.460364723650855e-06,1.0999362530128565e-05,7.731800724286586e-05
2548,254800.0,2.7568321228027344,0.00011784548405557871,2.998566372980349e-08,4.317179900681367e-06,9.88600186246913e-06,7.724035094724968e-05
2549,254900.0,2.64326548576355,6.62827878841199e-05,1.7692991960416293e-08,2.260273049614625e-06,9.758269698068034e-06,7.716276013525203e-05
2550,255000.0,2.7904388904571533,9.220979700330645e-05,5.271837721920747e-08,3.2903260489547392e-06,9.898925782181323e-06,7.708524935878813e-05
2551,255100.0,2.952432632446289,0.00014796234609093517,1.6222617915673254e-08,5.470457381306915e-06,1.1184682080056518e-05,7.700781134190038e-05
2552,255200.0,2.664553642272949,9.275729098590091e-05,6.089434378964143e-08,3.303896164652542e-06,1.0098994607687928e-05,7.693045336054638e-05
2553,255300.0,2.6512930393218994,8.383247768506408e-05,1.9462474298848065e-08,2.908315082095214e-06,1.1105134035460651e-05,7.685318269068375e-05
2554,255400.0,2.839524269104004,9.544508793624118e-05,2.5723254637455284e-08,3.3929504752450157e-06,1.0595603271212894e-05,7.677597022848204e-05
2555,255500.0,2.8004233837127686,0.0001117365900427103,2.787580655194688e-08,4.022773282486014e-06,1.1139381967950612e-05,7.669885962968692e-05
2556,255600.0,2.827375888824463,8.818688365863636e-05,1.653528514111713e-08,3.0626745228801155e-06,1.1603477105381899e-05,7.662181451451033e-05
2557,255700.0,2.806368589401245,0.00012909101496916264,2.5242188783636266e-08,4.71173234473099e-06,1.127246559917694e-05,7.654484215890989e-05
2558,255800.0,2.7499961853027344,8.710182009963319e-05,7.023857051535742e-08,3.0818412142252782e-06,9.98554787656758e-06,7.64679498388432e-05
2559,255900.0,2.594844102859497,9.003707964438945e-05,3.01321314566394e-08,3.202591187800863e-06,9.942166798282415e-06,7.639113755431026e-05
2560,256000.0,2.615595579147339,0.00018504956096876413,2.860210912558614e-08,7.014749371592188e-06,9.65220715443138e-06,7.631439802935347e-05
2561,256100.0,2.702331066131592,0.00010562623356236145,2.9258576006441217e-08,3.816925527644344e-06,1.0173836926696822e-05,7.623773853993043e-05
2562,256200.0,2.5939931869506836,5.6741719163255766e-05,9.729563821281317e-09,1.8752191408566432e-06,9.851512913883198e-06,7.616115181008354e-05
2563,256300.0,2.594228744506836,7.322220335481688e-05,1.80791310810946e-08,2.4849466626619687e-06,1.108045398723334e-05,7.608463783981279e-05
2564,256400.0,2.5968315601348877,8.400043589062989e-05,1.6134942271150976e-08,2.9495006401702994e-06,1.024678294925252e-05,7.600823300890625e-05
2565,256500.0,2.5962295532226562,9.565977234160528e-05,8.950199692492333e-09,3.42217003890255e-06,1.0096570804307703e-05,7.593187183374539e-05
2566,256600.0,2.5897140502929688,9.727742144605145e-05,2.987451352964854e-08,3.448256165938801e-06,1.1041139259759802e-05,7.585559069411829e-05
2567,256700.0,2.6013050079345703,7.417322922265157e-05,4.889909366312395e-09,2.470627805450931e-06,1.2402651009324472e-05,7.577938959002495e-05
2568,256800.0,2.602029323577881,0.00015398362302221358,1.2824791006948999e-08,5.696501375496155e-06,1.1558264304767363e-05,7.570326124550775e-05
2569,256900.0,2.593055486679077,0.000103044330899138,4.9525617384915677e-08,3.7277959563652985e-06,9.799905456020497e-06,7.562722748843953e-05
2570,257000.0,2.58998441696167,0.0001257480907952413,3.934875181244024e-08,4.582774636219256e-06,1.1139369235024787e-05,7.555125921498984e-05
2571,257100.0,2.6997570991516113,0.00013105379184708,6.561701582086243e-08,4.860248736804351e-06,9.481951565248892e-06,7.54753637011163e-05
2572,257200.0,2.5876641273498535,7.584403647342697e-05,9.103640508101307e-09,2.6011464342445834e-06,1.0806274985952768e-05,7.539953367086127e-05
2573,257300.0,2.5992729663848877,6.306332215899602e-05,8.174668941762775e-09,2.096491698466707e-06,1.0642851520969998e-05,7.532379095209762e-05
2574,257400.0,2.597623825073242,3.6529800127027556e-05,1.2045615171984991e-08,1.045663452714507e-06,1.0376170394010842e-05,7.524815009674057e-05
2575,257500.0,2.6881308555603027,6.822570867370814e-05,1.9536184225898978e-08,2.3635680008737836e-06,9.116970431932714e-06,7.517255289712921e-05
2576,257600.0,2.6281092166900635,9.984206553781405e-05,3.438914575326635e-08,3.5424961879471084e-06,1.1245274436078034e-05,7.50970357330516e-05
2577,257700.0,2.588737726211548,0.00011816311598522589,2.0687489055148944e-08,4.3247928260825574e-06,1.0022608876170125e-05,7.502159132855013e-05
2578,257800.0,2.802596092224121,0.00010775776172522455,9.577092896506656e-09,3.8129537642817013e-06,1.2424343367456459e-05,7.49462196836248e-05
2579,257900.0,2.6970200538635254,0.00015876394172664732,2.880881311284611e-08,5.9786766541947145e-06,9.268212124879938e-06,7.48709644540213e-05
2580,258000.0,2.611924886703491,7.802674372214824e-05,1.0112954917929073e-08,2.6867871838476276e-06,1.0846953955478966e-05,7.479574560420588e-05
2581,258100.0,2.714867115020752,8.915151556720957e-05,9.5095531449374e-09,3.1066833798831794e-06,1.1474921848275699e-05,7.47206067899242e-05
2582,258200.0,2.7196664810180664,9.225092071574181e-05,2.0151198043549812e-08,3.2829611882334575e-06,1.0156736607314087e-05,7.464554801117629e-05
2583,258300.0,2.7761528491973877,0.00011650354281300679,1.759920387200964e-08,4.253202860127203e-06,1.0155867130379193e-05,7.45705547160469e-05
2584,258400.0,2.884650468826294,0.00012805098958779126,1.0633963043460426e-08,4.723246547655435e-06,9.95918526314199e-06,7.449567056028172e-05
2585,258500.0,2.7785463333129883,9.699801012175158e-05,1.448350062105419e-08,3.449083123996388e-06,1.0756448318716139e-05,7.442083006026223e-05
2586,258600.0,2.823312997817993,0.00010026559903053567,1.8035517967973647e-08,3.598801868065493e-06,1.0277512956236023e-05,7.43460695957765e-05
2587,258700.0,2.7210628986358643,7.551140879513696e-05,2.974028134872242e-08,2.6202810659015086e-06,9.974643944588024e-06,7.42713818908669e-05
2588,258800.0,2.8293871879577637,8.720281039131805e-05,2.340065918815526e-08,3.032735094166128e-06,1.13610385596985e-05,7.419676694553345e-05
2589,258900.0,2.6178605556488037,0.0001028821207000874,1.499791046910559e-08,3.690078528961749e-06,1.0615167411742732e-05,7.412226113956422e-05
2590,259000.0,2.5919432640075684,0.0001018676339299418,2.336316029527552e-08,3.7060328850202495e-06,9.193450750899501e-06,7.404779171338305e-05
2591,259100.0,2.6996874809265137,5.4470834584208205e-05,1.0627757340841981e-08,1.784677010618907e-06,9.843281986832153e-06,7.397340232273564e-05
2592,259200.0,2.59676194190979,8.365777466678992e-05,3.619105370944453e-08,2.8936851776961703e-06,1.127945233747596e-05,7.389909296762198e-05
2593,259300.0,2.65041184425354,0.0001249878405360505,1.3092445350082471e-08,4.611078111338429e-06,9.697788300400134e-06,7.382484909612685e-05
2594,259400.0,2.7440788745880127,8.541269198758528e-05,1.869342369786864e-08,3.0076105304033263e-06,1.0203739293501712e-05,7.375070708803833e-05
2595,259500.0,2.7277414798736572,5.849359149578959e-05,1.578816011260642e-08,1.9320882529427763e-06,1.0175598617934156e-05,7.367662328761071e-05
2596,259600.0,2.8405892848968506,0.0001051320941769518,1.3493240302864251e-08,3.868878593493719e-06,8.396635166718625e-06,7.360261224675924e-05
2597,259700.0,2.7035210132598877,8.989825437311083e-05,6.073713976206818e-09,3.2090101740323007e-06,9.66692459769547e-06,7.352866668952629e-05
2598,259800.0,2.9392902851104736,8.699941099621356e-05,2.045319469345941e-08,3.0696480735059595e-06,1.0237758033326827e-05,7.345479389186949e-05
2599,259900.0,2.8615403175354004,5.7773737353272736e-05,7.52456230657117e-09,1.978811269509606e-06,8.295931365864817e-06,7.338102295761928e-05
2600,260000.0,2.6510889530181885,9.261092054657638e-05,3.4921576741453464e-08,3.252533360864618e-06,1.126265760831302e-05,7.330731023102999e-05
2601,260100.0,2.7142930030822754,7.60490947868675e-05,9.383070320723164e-09,2.6438258373673307e-06,9.944064913725015e-06,7.323366298805922e-05
2602,260200.0,2.8209691047668457,0.00010672802454791963,1.226099612949838e-07,3.8437619878095575e-06,1.0511365871934686e-05,7.316010305657983e-05
2603,260300.0,2.753446102142334,8.505367441102862e-05,1.5209010939543077e-08,2.977211124743917e-06,1.0608183401927818e-05,7.308660133276135e-05
2604,260400.0,2.898528575897217,5.5183885706355795e-05,1.1936313271121435e-08,1.830506334954407e-06,9.409292033524252e-06,7.301320147234946e-05
2605,260500.0,2.972262144088745,0.00010633827332640067,4.836222089465991e-08,3.844369985017693e-06,1.0180659955949523e-05,7.293985254364088e-05
2606,260600.0,2.9999616146087646,7.050723797874525e-05,1.582610309469601e-08,2.4349383238586597e-06,9.617950126994401e-06,7.286657637450844e-05
2607,260700.0,2.8189499378204346,8.664330380270258e-05,2.9388814937192365e-08,3.1086410672287457e-06,8.897894076653756e-06,7.279338024090976e-05
2608,260800.0,2.804927110671997,0.00012657833576668054,1.1762804952297756e-08,4.6883965296729e-06,9.35665775614325e-06,7.27202495909296e-05
2609,260900.0,2.8696954250335693,6.660526560153812e-05,2.658737940919309e-08,2.2541639737028163e-06,1.0224582183582243e-05,7.264722080435604e-05
2610,261000.0,2.635446071624756,9.694178879726678e-05,3.5834734291029235e-08,3.454145144132781e-06,1.055233042279724e-05,7.257424294948578e-05
2611,261100.0,2.715425729751587,0.00011272299889242277,1.422395889960626e-08,4.063589130964829e-06,1.111904566641897e-05,7.250133785419166e-05
2612,261200.0,2.7173690795898438,0.00010611560719553381,2.605081483864069e-08,3.861104232782964e-06,9.561953447700944e-06,7.242850551847368e-05
2613,261300.0,2.687833786010742,7.840686157578602e-05,2.7848267691865658e-08,2.6556172088021412e-06,1.198858990392182e-05,7.235574594233185e-05
2614,261400.0,2.6393043994903564,6.315866630757228e-05,3.2075284650545655e-08,2.0749432678712765e-06,1.125300786952721e-05,7.2283080953639e-05
2615,261500.0,2.739776611328125,0.00010123571701114997,4.604984482625696e-08,3.6576404909283156e-06,9.748653610586189e-06,7.221046689664945e-05
2616,261600.0,2.8136098384857178,8.451785106444731e-05,2.111990049513679e-08,3.0159483230818296e-06,9.09801383386366e-06,7.213791832327843e-05
2617,261700.0,2.7447664737701416,0.00011683200136758387,6.470064306540735e-08,4.2391025090182666e-06,1.0789746738737449e-05,7.206544978544116e-05
2618,261800.0,2.7751002311706543,9.408506593899801e-05,1.5857009927344734e-08,3.399391744096647e-06,9.084416888072155e-06,7.199305400718004e-05
2619,261900.0,2.77767276763916,7.341645687120035e-05,5.0529447293001795e-09,2.4642110929562477e-06,1.1806127076852135e-05,7.19207528163679e-05
2620,262000.0,2.7976431846618652,7.176066719694063e-05,3.5180764967890354e-08,2.4454709546262166e-06,1.0588713848846965e-05,7.184850255725905e-05
2621,262100.0,2.9837729930877686,8.587594493292272e-05,1.1141996658636799e-08,3.0946162041800562e-06,8.499402611050755e-06,7.177632505772635e-05
2622,262200.0,3.005432367324829,6.299273081822321e-05,6.6832255285476094e-09,2.116741370628006e-06,1.0067506991617847e-05,7.17042203177698e-05
2623,262300.0,3.07438588142395,9.05009510461241e-05,4.884433479901418e-08,3.186979938618606e-06,1.0777607712952886e-05,7.163218106143177e-05
2624,262400.0,2.910313367843628,8.677972800796852e-05,2.3016159644839718e-08,3.1212323392537655e-06,8.725904990569688e-06,7.156024366850033e-05
2625,262500.0,2.841120719909668,0.00011303952487651259,5.0013877483934266e-08,4.06753451898112e-06,1.1301148333586752e-05,7.148834993131459e-05
2626,262600.0,2.85890531539917,0.00010383717017248273,2.4632299755467102e-08,3.773812977669877e-06,9.467213203606661e-06,7.14165362296626e-05
2627,262700.0,2.9267330169677734,0.00010336870764149353,1.9770720172118672e-08,3.6851429285889026e-06,1.122036610468058e-05,7.134479528758675e-05
2628,262800.0,2.910818338394165,0.00011213668767595664,3.17542685479566e-08,4.132155481784139e-06,8.801051990303677e-06,7.127311982912943e-05
2629,262900.0,2.817554473876953,9.64221908361651e-05,1.818277084453257e-08,3.3946421353903133e-06,1.1537955288076773e-05,7.12015462340787e-05
2630,263000.0,2.8200347423553467,7.429509423673153e-05,1.9869931477956015e-08,2.5206143163813977e-06,1.125986636907328e-05,7.113000901881605e-05
2631,263100.0,2.8985865116119385,0.000104214355815202,1.897239165771225e-08,3.770363719013403e-06,9.936287824530154e-06,7.105855911504477e-05
2632,263200.0,2.9252123832702637,8.394495671382174e-05,3.467028264481087e-08,2.9630439257744e-06,9.834191587287933e-06,7.09871674189344e-05
2633,263300.0,3.0570738315582275,5.950274135102518e-05,2.94443971426972e-08,1.9355450149305398e-06,1.1084669495176058e-05,7.091585575835779e-05
2634,263400.0,2.906451940536499,9.592098649591208e-05,3.348156596416629e-08,3.464280780463014e-06,9.280487574869767e-06,7.084463868523017e-05
2635,263500.0,2.9177098274230957,0.00011632320820353925,1.7106060568039538e-08,4.267471013008617e-06,9.61932437348878e-06,7.077347254380584e-05
2636,263600.0,2.9142913818359375,8.973482181318104e-05,1.924855297374961e-08,3.1797464998817304e-06,1.0221907359664328e-05,7.070237188600004e-05
2637,263700.0,2.8998312950134277,0.00012847421749029309,4.304135359234351e-08,4.698454176832456e-06,1.0969814866257366e-05,7.063134398777038e-05
2638,263800.0,3.0169906616210938,4.804028503713198e-05,1.5914444873033062e-08,1.4631278872911935e-06,1.144617453974206e-05,7.056038884911686e-05
2639,263900.0,3.0450973510742188,0.00010115168697666377,1.5031213607130667e-08,3.6425396956474287e-06,1.0073163139168173e-05,7.048952829791233e-05
2640,264000.0,3.0226550102233887,8.110244380077347e-05,1.134680527314913e-08,2.8458509859774495e-06,9.944819794327486e-06,7.04187186784111e-05
2641,264100.0,3.302964448928833,9.560318721923977e-05,9.611236251316768e-09,3.4196561955468496e-06,1.0102174201165326e-05,7.034797454252839e-05
2642,264200.0,3.1137447357177734,6.447974737966433e-05,2.0945618572909552e-08,2.207593524872209e-06,9.268963367503602e-06,7.027730316622183e-05
2643,264300.0,3.3167641162872314,8.313006401294842e-05,2.2384792686125365e-08,2.9610948786285007e-06,9.080297786567826e-06,7.02067045494914e-05
2644,264400.0,3.093886137008667,9.269369184039533e-05,2.16496847116332e-08,3.311942236905452e-06,9.873481758404523e-06,7.013620052020997e-05
2645,264500.0,3.144404649734497,9.179831977235153e-05,4.347118931491423e-08,3.2416701287729666e-06,1.0713089068303816e-05,7.006574014667422e-05
2646,264600.0,2.929413080215454,0.00010877424938371405,5.1537149658997805e-08,3.936479060939746e-06,1.0310739526175894e-05,6.999534525675699e-05
2647,264700.0,2.839806079864502,0.00011468963930383325,5.5645685392846644e-08,4.138240001339e-06,1.1177992746524978e-05,6.992503040237352e-05
2648,264800.0,2.887850046157837,8.214907575165853e-05,9.192375749478288e-09,2.8991664748900803e-06,9.660721843829378e-06,6.985478103160858e-05
2649,264900.0,2.8686726093292236,7.767944043735042e-05,9.596901051622808e-09,2.686758080017171e-06,1.0500893949938472e-05,6.978463352425024e-05
2650,265000.0,2.749389171600342,6.24226886429824e-05,1.289341344801187e-08,2.097775677611935e-06,9.965400749933906e-06,6.97145369485952e-05
2651,265100.0,2.856234550476074,5.8798825193662196e-05,4.5067443110724525e-09,1.9565989077818813e-06,9.879346180241555e-06,6.964449130464345e-05
2652,265200.0,2.724944591522217,4.4542022806126624e-05,9.295103353679224e-09,1.394891228301276e-06,9.660444447945338e-06,6.957453297218308e-05
2653,265300.0,2.915109157562256,8.24734743218869e-05,1.3874718263195973e-08,2.909579052357003e-06,9.720117304823361e-06,6.950464012334123e-05
2654,265400.0,2.88779616355896,0.00011129555059596896,5.649064505064416e-08,4.059406364831375e-06,9.753905032994226e-06,6.943483458599076e-05
2655,265500.0,3.132936477661133,0.00010622788249747828,1.3832575973538042e-08,3.868351541314041e-06,9.505258276476525e-06,6.936507270438597e-05
2656,265600.0,2.9237332344055176,0.00011024180275853723,2.4780531404644535e-08,4.031570824736264e-06,9.427751137991436e-06,6.929539813427255e-05
2657,265700.0,3.0080082416534424,8.675973367644474e-05,1.0595309518635077e-08,3.043984406758682e-06,1.0649529940565117e-05,6.922578177182004e-05
2658,265800.0,2.995704412460327,8.330835407832637e-05,1.2972719787285314e-08,2.8694767024717294e-06,1.1558465303096455e-05,6.915623816894367e-05
2659,265900.0,2.805209159851074,8.728505781618878e-05,1.5207872294809022e-08,3.0722555948159425e-06,1.0463460967002902e-05,6.90867964294739e-05
2660,266000.0,2.899550199508667,6.688876601401716e-05,1.2883981881373074e-08,2.2924193672224646e-06,9.565397704136558e-06,6.90173837938346e-05
2661,266100.0,3.06669545173645,7.305980398086831e-05,1.6884282416640417e-08,2.4824432784953387e-06,1.0981832019751891e-05,6.894805119372904e-05
2662,266200.0,2.8748037815093994,7.143252878449857e-05,9.058931382810442e-09,2.406480234640185e-06,1.1261464351264294e-05,6.887879135319963e-05
2663,266300.0,2.8767712116241455,9.326687722932547e-05,2.4109349183731865e-08,3.3664036891423166e-06,9.082671567739453e-06,6.880958972033113e-05
2664,266400.0,2.8859434127807617,4.802489638677798e-05,3.823474425956874e-09,1.5690906138843275e-06,8.793804227025248e-06,6.874048267491162e-05
2665,266500.0,2.865679979324341,9.054224210558459e-05,1.4055450137107073e-08,3.197895466655609e-06,1.0580797606962733e-05,6.867143383715302e-05
2666,266600.0,2.843801259994507,8.98429352673702e-05,1.1167332836237165e-08,3.1830143143452005e-06,1.0256408131681383e-05,6.860244320705533e-05
2667,266700.0,2.738619327545166,0.00010870058758882806,1.1338636696223148e-08,3.931244918931043e-06,1.0408127309347037e-05,6.853352533653378e-05
2668,266800.0,2.700871229171753,0.00010593019396765158,6.876898339669424e-08,3.821918198809726e-06,1.0313465281797107e-05,6.846468022558838e-05
2669,266900.0,2.6703901290893555,6.176715396577492e-05,2.7739657681991048e-08,2.0784377738891635e-06,9.778461389942095e-06,6.839592242613435e-05
2670,267000.0,3.003730297088623,6.406301690731198e-05,9.796202071754578e-09,2.229636265838053e-06,8.312315003422555e-06,6.8327208282426e-05
2671,267100.0,2.7490127086639404,6.517281144624576e-05,3.121483160839489e-08,2.2296389943221584e-06,9.40062636800576e-06,6.825857417425141e-05
2672,267200.0,2.6912295818328857,9.873519593384117e-05,3.0925235705581144e-08,3.5313098578626523e-06,1.0421526894788258e-05,6.819000554969534e-05
2673,267300.0,2.8146939277648926,3.9540605939691886e-05,5.523191237699621e-09,1.1875292784679914e-06,9.846852663031314e-06,6.812149513280019e-05
2674,267400.0,2.909574508666992,8.245719800470397e-05,4.6007443188500474e-08,2.873545099646435e-06,1.0572563041932881e-05,6.805307930335402e-05
2675,267500.0,3.1384999752044678,7.246750465128571e-05,5.12924014373084e-09,2.48373657996126e-06,1.0368959010520484e-05,6.798472168156877e-05
2676,267600.0,3.1075987815856934,7.039005868136883e-05,4.9535451296378596e-08,2.4397625111305388e-06,9.346464139525779e-06,6.791642954340205e-05
2677,267700.0,2.8518667221069336,7.406144140986726e-05,3.29166027768224e-08,2.5662195639597485e-06,9.873037924990058e-06,6.784819561289623e-05
2678,267800.0,2.767183780670166,9.709085861686617e-05,3.5776712703494695e-09,3.4314655295020202e-06,1.1300637197564356e-05,6.778003444196656e-05
2679,267900.0,2.7845635414123535,4.944535612594336e-05,2.591685621666784e-08,1.6386078414143412e-06,8.454246199107729e-06,6.771196058252826e-05
2680,268000.0,2.917879819869995,7.306797488126904e-05,2.9092806386188386e-08,2.530410483814194e-06,9.778624189493712e-06,6.764394493075088e-05
2681,268100.0,2.9181621074676514,5.804163447464816e-05,5.065318386954232e-09,1.895026912279718e-06,1.0660896805347875e-05,6.757599476259202e-05
2682,268200.0,2.6659767627716064,0.00010714044037740678,3.70195145649177e-08,3.9094052226573694e-06,9.368293831357732e-06,6.750809552613646e-05
2683,268300.0,2.885385513305664,7.714395906077698e-05,8.851280597355071e-09,2.7055307327827904e-06,9.496830898569897e-06,6.744028360117227e-05
2684,268400.0,2.6522135734558105,6.096121433074586e-05,2.5881861986931654e-08,2.0881650470983004e-06,8.731208254175726e-06,6.737255171174183e-05
2685,268500.0,2.6007659435272217,6.221582589205354e-05,7.2065660106090945e-09,2.0791831047972664e-06,1.0229039617115632e-05,6.73048707540147e-05
2686,268600.0,2.6080799102783203,8.290566620416939e-05,1.9109117843640888e-08,2.8779570584447356e-06,1.093763239623513e-05,6.72372552799061e-05
2687,268700.0,2.5937416553497314,9.212298755301163e-05,1.18560921080757e-08,3.300536036476842e-06,9.597735697752796e-06,6.716970528941602e-05
2688,268800.0,2.5977838039398193,5.453487756312825e-05,1.9233679537933313e-08,1.7527833051644848e-06,1.0696060599002521e-05,6.710223533445969e-05
2689,268900.0,2.593226194381714,7.633506902493536e-05,2.825355949198638e-08,2.693737997105927e-06,8.963370419223793e-06,6.703484541503713e-05
2690,269000.0,2.5944418907165527,9.390438935952261e-05,7.304716387324106e-09,3.3933602026081644e-06,9.063078323379159e-06,6.696750642731786e-05
2691,269100.0,2.70357346534729,7.860556070227176e-05,9.942136891538667e-09,2.7518933620740427e-06,9.798282917472534e-06,6.69002256472595e-05
2692,269200.0,2.587273120880127,7.563181861769408e-05,1.8206838703349604e-08,2.6403035917610396e-06,9.606023922970053e-06,6.683301762677729e-05
2693,269300.0,2.5919952392578125,6.82920144754462e-05,1.2610684052560828e-08,2.3042466636979952e-06,1.0673243195924442e-05,6.67658750899136e-05
2694,269400.0,2.5919535160064697,5.327334292815067e-05,9.700660719147436e-09,1.6890587630769005e-06,1.103717750083888e-05,6.669881986454129e-05
2695,269500.0,2.636331081390381,6.163831858430058e-05,1.9960120667406045e-08,2.088911742248456e-06,9.395566848979797e-06,6.66318301227875e-05
2696,269600.0,2.591728687286377,7.523464591940865e-05,2.2780730191129805e-08,2.563966745583457e-06,1.1112692845927086e-05,6.656489131273702e-05
2697,269700.0,2.5934975147247314,8.195138798328117e-05,1.1720930004344154e-08,2.9175573672546307e-06,9.000730642583221e-06,6.649802526226267e-05
2698,269800.0,2.5969927310943604,7.94369843788445e-05,8.73986127913895e-09,2.7661499188980088e-06,1.0274497071804944e-05,6.643121741944924e-05
2699,269900.0,2.5864524841308594,0.00010248809849144891,1.7181507772079385e-08,3.7377019452833338e-06,9.028373824548908e-06,6.636449688812718e-05
2700,270000.0,2.5859577655792236,7.123900286387652e-05,2.5278410475948476e-08,2.412177536825766e-06,1.090928890334908e-05,6.629782728850842e-05
2701,270100.0,2.7085623741149902,9.0865942183882e-05,1.4327465436281273e-08,3.2460711736348458e-06,9.699831934995018e-06,6.623122317250818e-05
2702,270200.0,2.611567974090576,7.221323176054284e-05,1.4287524052747358e-08,2.4990451947815018e-06,9.722813956614118e-06,6.616469181608409e-05
2703,270300.0,2.5989344120025635,5.670831524184905e-05,5.034748173926573e-09,1.8924415599030908e-06,9.392242645844817e-06,6.609822594327852e-05
2704,270400.0,2.781463146209717,6.565855437656865e-05,8.58557758220968e-09,2.256409288747818e-06,9.239734936272725e-06,6.603184738196433e-05
2705,270500.0,2.840935707092285,6.207954720593989e-05,5.3143915934583674e-09,2.081465709125041e-06,1.0037598258350044e-05,6.59655052004382e-05
2706,270600.0,2.950089693069458,9.14125339477323e-05,1.4988900787216153e-08,3.3099099709943403e-06,8.649797564430628e-06,6.589924305444583e-05
2707,270700.0,2.7845354080200195,6.872029189253226e-05,5.799215330171137e-08,2.33162745644222e-06,1.0371612916060258e-05,6.583303911611438e-05
2708,270800.0,2.725386142730713,6.137070886325091e-05,4.7579966633293225e-09,2.0496261186053744e-06,1.0125299922947306e-05,6.576689338544384e-05
2709,270900.0,2.586367607116699,6.969487003516406e-05,2.128818721303105e-08,2.44026591644797e-06,8.666935173096135e-06,6.57008495181799e-05
2710,271000.0,2.758744239807129,6.327699520625174e-05,1.4868343889418156e-08,2.159868472517701e-06,9.265419066650793e-06,6.563484203070402e-05
2711,271100.0,2.9137349128723145,6.035101614543237e-05,6.59413190717828e-09,2.020344027187093e-06,9.835822311288211e-06,6.556892185471952e-05
2712,271200.0,2.8607397079467773,6.43926250631921e-05,1.2861670839470207e-08,2.185444145652582e-06,9.74365775618935e-06,6.550303805852309e-05
2713,271300.0,2.8205528259277344,8.127240289468318e-05,1.3778810981079914e-08,2.8751110221492127e-06,9.380847586726304e-06,6.543724157381803e-05
2714,271400.0,2.8368330001831055,4.6419710997724906e-05,4.325929836568321e-09,1.4727154393767705e-06,9.597502867109142e-06,6.537152512464672e-05
2715,271500.0,2.9179279804229736,6.866610056022182e-05,3.604349885222291e-08,2.245087443952798e-06,1.2502871868491638e-05,6.53058523312211e-05
2716,271600.0,2.7218542098999023,7.52392370486632e-05,1.0650291315528193e-08,2.6576437903713668e-06,8.78748505783733e-06,6.524024502141401e-05
2717,271700.0,2.8429677486419678,9.608535037841648e-05,3.7884593240278264e-08,3.4680608678172575e-06,9.34594663704047e-06,6.517470319522545e-05
2718,271800.0,2.7803597450256348,8.621718006907031e-05,8.691624309165036e-09,3.0137141493469244e-06,1.086562861019047e-05,6.510923412861302e-05
2719,271900.0,2.705143928527832,0.00011049076420022175,1.470777455381267e-08,4.001929028163431e-06,1.0427834240545053e-05,6.504383782157674e-05
2720,272000.0,2.8425965309143066,7.1346978074871e-05,3.015464500322196e-08,2.4736411887715803e-06,9.475796105107293e-06,6.497850699815899e-05
2721,272100.0,2.7217748165130615,8.000561501830816e-05,6.925191087248095e-08,2.8299502901063533e-06,9.187602699967101e-06,6.491323438240215e-05
2722,272200.0,2.6922998428344727,7.106671546353027e-05,5.615595988217592e-09,2.4830453639879124e-06,8.984962732938584e-06,6.4848005422391e-05
2723,272300.0,2.6137425899505615,6.75717819831334e-05,1.1147159639790516e-08,2.2883148176333634e-06,1.0352760909881908e-05,6.478287104982883e-05
2724,272400.0,3.923656702041626,7.313929381780326e-05,3.147578553353014e-08,2.5530480343149975e-06,9.281621714762878e-06,6.471780216088519e-05
2725,272500.0,2.655390501022339,6.140045297797769e-05,1.6756256826511162e-08,2.0953550574631663e-06,8.999821147881448e-06,6.465279147960246e-05
2726,272600.0,2.845405340194702,6.107919034548104e-05,2.45620257466328e-09,2.04061325348448e-06,1.0061400644190144e-05,6.458783173002303e-05
2727,272700.0,3.0274367332458496,4.667711255024187e-05,4.513116991233801e-08,1.5628432947778492e-06,7.560898211522726e-06,6.452295929193497e-05
2728,272800.0,2.9298126697540283,6.49298817734234e-05,1.4090511868403155e-08,2.2058679860492703e-06,9.769089956535026e-06,6.445814506150782e-05
2729,272900.0,2.724708080291748,8.408389840042219e-05,3.122015357348573e-08,2.978967586386716e-06,9.578488061379176e-06,6.439341086661443e-05
2730,273000.0,2.603424072265625,5.5172251450130716e-05,6.341239533469434e-09,1.833766873460263e-06,9.32173861656338e-06,6.432872032746673e-05
2731,273100.0,3.029435396194458,8.016115316422656e-05,1.046471265198079e-08,2.797533852572087e-06,1.0212346751359291e-05,6.426409527193755e-05
2732,273200.0,3.0041303634643555,4.9542199121788144e-05,1.5423994526031493e-08,1.6391189774367376e-06,8.548799996788148e-06,6.41995357000269e-05
2733,273300.0,3.029965877532959,7.585592538816854e-05,1.0313088161240103e-08,2.665226475073723e-06,9.214958481607027e-06,6.413504161173478e-05
2734,273400.0,2.8613622188568115,6.518867303384468e-05,1.2016733386133183e-08,2.263384203615715e-06,8.59204646985745e-06,6.407062755897641e-05
2735,273500.0,2.6402947902679443,4.543300747172907e-05,9.92613458095093e-09,1.455551796425425e-06,9.034287359099835e-06,6.400627171387896e-05
2736,273600.0,2.6259920597076416,5.6547622079961e-05,1.7045623579292624e-08,1.8558567944637616e-06,1.0134158401342575e-05,6.39419668004848e-05
2737,273700.0,2.6513888835906982,5.5632921430515125e-05,9.396190492338974e-09,1.8489159856471815e-06,9.400624549016356e-06,6.38777346466668e-05
2738,273800.0,2.8381853103637695,6.189593841554597e-05,5.572768202455336e-08,2.111770527335466e-06,9.045948900165968e-06,6.38135607005097e-05
2739,273900.0,2.778749704360962,0.00011824016110040247,3.724916552982904e-08,4.309030828153482e-06,1.0477148862264585e-05,6.374947406584397e-05
2740,274000.0,2.7424967288970947,4.945406908518635e-05,3.5019962485449696e-09,1.616751774236036e-06,9.031771696754731e-06,6.368543108692393e-05
2741,274100.0,2.9035661220550537,4.517619890975766e-05,1.8712544402887943e-08,1.4662421108369017e-06,8.501433512719814e-06,6.36214463156648e-05
2742,274200.0,2.8612430095672607,6.996581942075863e-05,4.326485836259053e-09,2.4536618639103835e-06,8.619945219834335e-06,6.355754885589704e-05
2743,274300.0,2.7297897338867188,5.478274397319183e-05,7.651046018963825e-09,1.8307184745935956e-06,9.007130756799597e-06,6.349368777591735e-05
2744,274400.0,2.6770269870758057,6.0724261857103556e-05,2.2072299543651752e-08,2.0751992906298256e-06,8.822206837066915e-06,6.342992128338665e-05
2745,274500.0,2.684236764907837,8.988031186163425e-05,7.180624539415703e-09,3.2264995297737187e-06,9.210639291268308e-06,6.336619844660163e-05
2746,274600.0,2.708955764770508,5.3176077926764265e-05,1.5230549266220805e-08,1.7438492250221316e-06,9.564615538693033e-06,6.330254109343514e-05
2747,274700.0,3.031923770904541,5.640280869556591e-05,1.1929666143828399e-08,1.8616137822391465e-06,9.850537026068196e-06,6.323894922388718e-05
2748,274800.0,2.899214029312134,9.647203114582226e-05,4.90184177692754e-08,3.4741208310151706e-06,9.569991561875213e-06,6.317542283795774e-05
2749,274900.0,2.8655364513397217,8.009169687284157e-05,1.3085130312617821e-08,2.7956873509538127e-06,1.0186430699832272e-05,6.311197648756206e-05
2750,275000.0,2.7856948375701904,4.803107731277123e-05,1.5711016487784946e-08,1.583477683197998e-06,8.428421097050887e-06,6.304857379291207e-05
2751,275100.0,3.1437621116638184,7.017821917543188e-05,1.5930734065250363e-08,2.3698378299741307e-06,1.0916338396782521e-05,6.298524385783821e-05
2752,275200.0,2.7347748279571533,5.082893039798364e-05,1.3243607988044914e-08,1.609470700714155e-06,1.0578923138382379e-05,6.292197213042527e-05
2753,275300.0,2.6207196712493896,8.370508294319734e-05,1.6000008429273294e-08,2.926107526945998e-06,1.053639152814867e-05,6.285875861067325e-05
2754,275400.0,2.587036609649658,8.071847696555778e-05,3.4798478765196705e-08,2.788195843095309e-06,1.0978777027048636e-05,6.279562512645498e-05
2755,275500.0,2.833045244216919,7.104171527316794e-05,1.0543783623973013e-08,2.496214619895909e-06,8.625808732176665e-06,6.273254257394001e-05
2756,275600.0,2.922799825668335,5.17210501129739e-05,3.7676461062119415e-08,1.6081454532468342e-06,1.1479740351205692e-05,6.266952550504357e-05
2757,275700.0,2.8023436069488525,8.397331112064421e-05,7.834498383374466e-09,2.9568523132184055e-06,1.0044166629086249e-05,6.260655936785042e-05
2758,275800.0,2.7942259311676025,7.008590182522312e-05,9.471005313343994e-09,2.451670070513501e-06,8.784681085671764e-06,6.254367326619104e-05
2759,275900.0,2.77738618850708,5.646434146910906e-05,5.638707278876609e-09,1.8948890101455618e-06,9.086476893571671e-06,6.248085992410779e-05
2760,276000.0,2.855516195297241,6.132259295554832e-05,2.985590796811266e-08,2.0616619167412864e-06,9.751190191309433e-06,6.241809023777023e-05
2761,276100.0,2.952436923980713,0.00010307156480848789,3.2611701783480385e-08,3.771995352508384e-06,8.739072654861957e-06,6.23553860350512e-05
2762,276200.0,2.7205824851989746,6.932399264769629e-05,6.465405100186672e-09,2.3724314814899117e-06,1.0006737284129485e-05,6.229274731595069e-05
2763,276300.0,2.7356724739074707,5.745653106714599e-05,8.205123691595873e-09,1.9817684915324207e-06,7.904118319856934e-06,6.22301668045111e-05
2764,276400.0,2.7662272453308105,8.444806735496968e-05,4.612623172306485e-09,2.9897764761699364e-06,9.69903794612037e-06,6.216766632860526e-05
2765,276500.0,2.764963388442993,7.889940752647817e-05,4.866145530968424e-08,2.7215862701268634e-06,1.081109257938806e-05,6.210521678440273e-05
2766,276600.0,2.8540992736816406,4.3671869207173586e-05,4.62733957817818e-08,1.3828882856614655e-06,9.053387657331768e-06,6.20428254478611e-05
2767,276700.0,2.820535182952881,8.412165334448218e-05,2.7010246483882838e-08,2.972225956909824e-06,9.788996976567432e-06,6.198049959493801e-05
2768,276800.0,2.7439112663269043,8.43230591272004e-05,3.0503997550113127e-08,2.9592649752885336e-06,1.0310931429557968e-05,6.191823194967583e-05
2769,276900.0,2.8152425289154053,6.45406253170222e-05,1.2120593417819236e-08,2.2396100121113705e-06,8.538255315215793e-06,6.185605161590502e-05
2770,277000.0,2.653019666671753,7.86461605457589e-05,3.290905326025495e-08,2.7259384296485223e-06,1.046478882926749e-05,6.179390766192228e-05
2771,277100.0,2.8298022747039795,7.352852844633162e-05,1.4897115541145922e-08,2.5578624445188325e-06,9.567079359840136e-06,6.173183646751568e-05
2772,277200.0,2.9427144527435303,9.614294685889035e-05,2.3026895945577053e-08,3.3849923966045026e-06,1.1495110811665654e-05,6.166981620481238e-05
2773,277300.0,2.708028554916382,7.637331145815551e-05,6.752462589076913e-09,2.713660478548263e-06,8.525046723661944e-06,6.160786870168522e-05
2774,277400.0,2.7726454734802246,5.1371629524510354e-05,4.070089687502332e-08,1.6933430515564396e-06,8.997350960271433e-06,6.15459939581342e-05
2775,277500.0,2.5914242267608643,8.885859278962016e-05,2.4966272604842743e-08,3.1883519113762304e-06,9.124832104134839e-06,6.148416287032887e-05
2776,277600.0,2.712291717529297,7.77199529693462e-05,1.3333944615112614e-08,2.7518715342012e-06,8.90982846613042e-06,6.142239726614207e-05
2777,277700.0,2.6742284297943115,6.243733514565974e-05,1.2637907609303056e-08,2.174889914385858e-06,8.052445991779678e-06,6.13606971455738e-05
2778,277800.0,2.6461191177368164,5.315603266353719e-05,1.8424492154167638e-08,1.7363175857099122e-06,9.729669727676082e-06,6.129904795670882e-05
2779,277900.0,2.590848445892334,5.7127246691379696e-05,5.6327644770703955e-09,1.8937718095912714e-06,9.777319064596668e-06,6.123749335529283e-05
2780,278000.0,2.5909245014190674,6.247044075280428e-05,4.9136144042449814e-09,2.149381543858908e-06,8.730987246963196e-06,6.117596785770729e-05
2781,278100.0,2.7036731243133545,6.511761603178456e-05,7.881570063261734e-09,2.170979996662936e-06,1.0835237844730727e-05,6.11145151196979e-05
2782,278200.0,2.587278127670288,5.8022505982080474e-05,1.9687897534481635e-08,1.9358635654498357e-06,9.60622764978325e-06,6.105312058934942e-05
2783,278300.0,2.6023201942443848,6.613795267185196e-05,4.636782513500748e-09,2.2852159418107476e-06,9.002917977340985e-06,6.099178790464066e-05
2784,278400.0,2.7159883975982666,8.861957030603662e-05,3.4318514252618115e-08,3.1673207558924332e-06,9.402236173627898e-06,6.0930535255465657e-05
2785,278500.0,2.6235949993133545,5.9206144214840606e-05,3.2148597117753752e-09,1.986926690733526e-06,9.52976097323699e-06,6.086932262405753e-05
2786,278600.0,2.6699748039245605,7.016543531790376e-05,9.345589191411818e-09,2.4315186237799935e-06,9.368130122311413e-06,6.080817183828913e-05
2787,278700.0,2.8357372283935547,6.360258703352883e-05,1.1370178576441958e-08,2.1861419554625172e-06,8.93766264198348e-06,6.074708289816044e-05
2788,278800.0,2.7376577854156494,7.790786912664771e-05,9.475355611243685e-09,2.6854661427933024e-06,1.0761741577880457e-05,6.06860667176079e-05
2789,278900.0,2.735278367996216,8.826416888041422e-05,1.6955523207684564e-08,3.116015932391747e-06,1.034682099998463e-05,6.062511238269508e-05
2790,279000.0,2.627509832382202,8.019330562092364e-05,1.7789362871667436e-08,2.8211704830027884e-06,9.64625087362947e-06,6.0564212617464364e-05
2791,279100.0,2.87792706489563,7.411293336190283e-05,1.6774338362779417e-08,2.5393153464392526e-06,1.0613280210236553e-05,6.050337469787337e-05
2792,279200.0,2.7505531311035156,7.461006316589192e-05,1.4614784937805325e-08,2.6117850211448967e-06,9.300822057412006e-06,6.0442587709985673e-05
2793,279300.0,2.8441007137298584,9.969377424567938e-05,1.033264229732822e-08,3.5675075196195394e-06,1.0495759852346964e-05,6.038186984369531e-05
2794,279400.0,2.8932483196258545,7.777399878250435e-05,8.09512634702969e-09,2.6998202429240337e-06,1.0270394341205247e-05,6.03212283749599e-05
2795,279500.0,2.8235464096069336,7.92339415056631e-05,9.291154867696605e-08,2.819678002197179e-06,8.649076335132122e-06,6.0260630561970174e-05
2796,279600.0,2.8984057903289795,4.218927278998308e-05,3.4520630798340335e-09,1.3380901009441004e-06,8.733567483432125e-06,6.020009095664136e-05
2797,279700.0,2.8769285678863525,6.102305633248761e-05,2.1083062407001307e-08,2.099387074849801e-06,8.517297828802839e-06,6.013962047290988e-05
2798,279800.0,2.878406286239624,4.4055359467165545e-05,1.1313887604558204e-08,1.3013693660468562e-06,1.1509811884025112e-05,6.007920455886051e-05
2799,279900.0,2.8673577308654785,8.197483111871406e-05,2.531147913487075e-08,2.907706175392377e-06,9.25686617847532e-06,6.0018868680344895e-05
2800,280000.0,2.982604742050171,6.864265014883131e-05,5.6269890968962955e-09,2.359189238632098e-06,9.657293958298396e-06,5.9958572819596156e-05
2801,280100.0,2.9304981231689453,6.231087172636762e-05,1.6205522257450866e-08,2.1213750187598635e-06,9.260292245016899e-06,5.989833880448714e-05
2802,280200.0,3.1138834953308105,7.701665890635923e-05,1.7570863874993847e-08,2.6984182568412507e-06,9.53863127506338e-06,5.9838162997039035e-05
2803,280300.0,2.9791500568389893,5.859453813172877e-05,1.0720651921758417e-08,1.9253575374023058e-06,1.0449878573126625e-05,5.977805267320946e-05
2804,280400.0,2.8091585636138916,4.357155194156803e-05,4.380358742395174e-09,1.3830261877956218e-06,8.991515642264858e-06,5.9718015108956024e-05
2805,280500.0,2.8289899826049805,5.255092037259601e-05,1.4372594669964656e-08,1.6875935671123443e-06,1.034670822264161e-05,5.965802847640589e-05
2806,280600.0,2.9002559185028076,4.986615385860205e-05,2.124390974245216e-08,1.6144342680490809e-06,9.484055226494092e-06,5.959809641353786e-05
2807,280700.0,2.852564811706543,4.353927943157032e-05,1.161828588891467e-08,1.4215470400813501e-06,7.988981451489963e-06,5.9538222558330745e-05
2808,280800.0,2.639908790588379,5.333008448360488e-05,1.0269223693626373e-08,1.7556480997882318e-06,9.428610610484611e-06,5.947841418674216e-05
2809,280900.0,2.589858055114746,6.774022767785937e-05,7.307337401840641e-09,2.3320797026826767e-06,9.430925274500623e-06,5.941867857472971e-05
2810,281000.0,2.5947108268737793,4.822228220291436e-05,1.7526291529179616e-08,1.5957077721395763e-06,8.31206125440076e-06,5.935898298048414e-05
2811,281100.0,3.796750783920288,6.906254566274583e-05,5.969884142587034e-09,2.3944919576024404e-06,9.194285667035729e-06,5.92993528698571e-05
2812,281200.0,2.6957340240478516,5.347423575585708e-05,1.3897835771103928e-08,1.769582013366744e-06,9.22078743315069e-06,5.9239780966890976e-05
2813,281300.0,2.8700952529907227,7.214047946035862e-05,2.0870507100312352e-08,2.577553232185892e-06,7.680783710384276e-06,5.918027090956457e-05
2814,281400.0,2.8718607425689697,6.435417162720114e-05,6.7106311618658765e-09,2.250073748655268e-06,8.095621524262242e-06,5.912084088777192e-05
2815,281500.0,2.872528553009033,6.543313065776601e-05,9.780873888587394e-09,2.225849357273546e-06,9.777118066267576e-06,5.906144724576734e-05
2816,281600.0,2.888714551925659,6.020810178597458e-05,9.042769022471475e-08,2.08317078431719e-06,8.038403393584304e-06,5.9002111811423674e-05
2817,281700.0,2.8961215019226074,5.511286872206256e-05,2.9973097781521574e-08,1.759572114679031e-06,1.109359163820045e-05,5.8942841860698536e-05
2818,281800.0,2.8045973777770996,7.972320599947125e-05,3.482275090505027e-08,2.7704518288373947e-06,1.0427087545394897e-05,5.8883626479655504e-05
2819,281900.0,2.808436870574951,4.004940637969412e-05,1.7841989219391508e-08,1.319325178883446e-06,7.048435691103805e-06,5.8824494772125036e-05
2820,282000.0,2.7287585735321045,6.479759031208232e-05,5.695932614457888e-09,2.246111989734345e-06,8.639091902296059e-06,5.876539580640383e-05
2821,282100.0,2.8127784729003906,7.078627095324919e-05,3.1883679696420586e-08,2.5119129531958606e-06,7.956567969813477e-06,5.870636596227996e-05
2822,282200.0,2.6434226036071777,4.779936352861114e-05,9.061822403566566e-09,1.6173969470401062e-06,7.355379693763098e-06,5.864738704985939e-05
2823,282300.0,2.716989040374756,6.523601041408256e-05,1.431494478509876e-08,2.247736574645387e-06,9.028288332046941e-06,5.858846998307854e-05
2824,282400.0,2.6590189933776855,4.3184631067560986e-05,4.763946126473684e-09,1.3221366543803015e-06,1.0126449524250347e-05,5.852962931385264e-05
2825,282500.0,2.6106979846954346,4.8643640184309334e-05,8.697286446590624e-09,1.537510229354666e-06,1.0197184565186035e-05,5.847083230037242e-05
2826,282600.0,2.5919785499572754,6.681361992377788e-05,4.610969384089003e-09,2.269856622660882e-06,1.0062589353765361e-05,5.841209349455312e-05
2827,282700.0,2.5859198570251465,5.8654459280660376e-05,1.068335286902311e-08,1.9481244635244366e-06,9.940663403540384e-06,5.835340925841592e-05
2828,282800.0,2.5872461795806885,5.6684028095332906e-05,3.662207248567029e-08,1.9121478089800803e-06,8.843707291816827e-06,5.829479414387606e-05
2829,282900.0,2.602951765060425,6.79192817187868e-05,2.451617575616183e-09,2.3871209577919217e-06,8.238803275162354e-06,5.8236248150933534e-05
2830,283000.0,2.601719856262207,7.331067899940535e-05,1.203984290043536e-08,2.6003704078902956e-06,8.289374818559736e-06,5.817774581373669e-05
2831,283100.0,3.090618371963501,7.618300151079893e-05,2.487896466618622e-08,2.7250537186773727e-06,8.031782272155397e-06,5.8119298046221957e-05
2832,283200.0,2.5951342582702637,6.41013466520235e-05,3.90005006067895e-09,2.2244651063374477e-06,8.485822036163881e-06,5.806091212434694e-05
2833,283300.0,2.7047932147979736,6.792853673687205e-05,8.60411830672092e-09,2.3756879272696096e-06,8.527731552021578e-06,5.800258804811165e-05
2834,283400.0,2.6283226013183594,5.294251241139136e-05,5.455680796018214e-09,1.7273774801651598e-06,9.752618097991217e-06,5.794433309347369e-05
2835,283500.0,2.7717182636260986,4.4793116103392094e-05,2.3607025667615744e-08,1.3729948022955796e-06,1.0444640793139115e-05,5.788612179458141e-05
2836,283600.0,2.6274971961975098,9.078645234694704e-05,3.1051374804746956e-08,3.2548780382057885e-06,9.383447832078673e-06,5.7827975979307666e-05
2837,283700.0,2.5865440368652344,5.072735802968964e-05,1.1358812557205056e-08,1.6540968772460474e-06,9.363577191834338e-06,5.776988109573722e-05
2838,283800.0,2.7054061889648438,8.704494393896312e-05,1.723699760702857e-08,3.1513031899521593e-06,8.245128810813185e-06,5.771184078184888e-05
2839,283900.0,2.738387107849121,7.140712841646746e-05,1.2856749442846649e-08,2.5151041427307064e-06,8.516672096448019e-06,5.765388777945191e-05
2840,284000.0,2.7804102897644043,6.805054727010429e-05,1.5413894161042663e-08,2.3319014417211292e-06,9.737602340464946e-06,5.75959675188642e-05
2841,284100.0,3.036062479019165,5.473855708260089e-05,9.896783836893519e-09,1.8532628018874675e-06,8.397092642553616e-06,5.75381018279586e-05
2842,284200.0,2.8524258136749268,5.121070716995746e-05,1.619570610955634e-08,1.6859036122696125e-06,9.046922968991566e-06,5.748030525865033e-05
2843,284300.0,2.6418583393096924,7.975075277499855e-05,1.0784615867009961e-08,2.8058793759555556e-06,9.592988135409541e-06,5.742256325902417e-05
2844,284400.0,2.6065452098846436,5.3684154408983886e-05,2.1427766228043765e-08,1.86208114882902e-06,7.110696969903074e-06,5.736489038099535e-05
2845,284500.0,2.596397876739502,6.907870556460693e-05,2.22706617591939e-08,2.3975724161573453e-06,9.117120498558506e-06,5.7307264796691015e-05
2846,284600.0,2.8079259395599365,7.99857807578519e-05,2.9155691194659994e-08,2.828220203809906e-06,9.251119990949519e-06,5.724969378206879e-05
2847,284700.0,2.7948200702667236,7.803515472915024e-05,1.8176889327037316e-08,2.7788082661572844e-06,8.546777280571405e-06,5.7192180975107476e-05
2848,284800.0,2.7793045043945312,4.597615043167025e-05,4.27190771645769e-09,1.4503672218779684e-06,9.712695828056894e-06,5.713472637580708e-05
2849,284900.0,2.834890365600586,5.170674921828322e-05,7.397303658507326e-09,1.7726409851093194e-06,7.383330284937983e-06,5.7077348174061626e-05
2850,285000.0,2.8052637577056885,7.720816938672215e-05,2.300978074742943e-08,2.758512209766195e-06,8.222356882470194e-06,5.702000271412544e-05
2851,285100.0,2.8958470821380615,3.5533157642930746e-05,9.467028938558997e-09,1.0522243201194215e-06,9.218081686412916e-06,5.696272273780778e-05
2852,285200.0,2.7098305225372314,7.713344530202448e-05,8.875329804425292e-09,2.691117970243795e-06,9.846617103903554e-06,5.690550460712984e-05
2853,285300.0,2.594891309738159,6.041031883796677e-05,1.3983715518861572e-08,2.0937275166943436e-06,8.053146302700043e-06,5.6848333770176396e-05
2854,285400.0,2.8513057231903076,6.073037002352066e-05,1.585133091452917e-08,2.0223180854372913e-06,1.0156566531804856e-05,5.679124660673551e-05
2855,285500.0,2.7901439666748047,4.740764416055754e-05,1.2907761082203706e-08,1.498063056715182e-06,9.94315996649675e-06,5.673419218510389e-05
2856,285600.0,2.919013500213623,5.039334064349532e-05,4.85236872904693e-09,1.6163718328243704e-06,9.979188689612783e-06,5.667719597113319e-05
2857,285700.0,2.8725368976593018,6.123504135757685e-05,2.0396280220325025e-08,2.0733821202156832e-06,9.380097253597341e-06,5.6620257964823395e-05
2858,285800.0,3.1273891925811768,5.599880387308076e-05,4.320132696022938e-09,1.8307864593225531e-06,1.0224821380688809e-05,5.656337452819571e-05
2859,285900.0,2.887786388397217,3.234998439438641e-05,1.3458937964117013e-08,9.028893828144646e-07,9.764291462488472e-06,5.6506574765080586e-05
2860,286000.0,2.8832619190216064,4.744443140225485e-05,6.79408529435932e-09,1.5189312989605241e-06,9.464354661758989e-06,5.6449811381753534e-05
2861,286100.0,2.958207368850708,4.751907545141876e-05,2.0436438319393346e-08,1.5581832712996402e-06,8.544055162928998e-06,5.639310256810859e-05
2862,286200.0,2.779859781265259,9.01584789971821e-05,9.935370748337391e-09,3.2849106901267078e-06,8.02577142167138e-06,5.6336451962124556e-05
2863,286300.0,2.8335134983062744,9.361858974443749e-05,2.8341606395088093e-08,3.4488105029595317e-06,7.369987542915624e-06,5.6279852287843823e-05
2864,286400.0,2.8240458965301514,5.64143447263632e-05,6.591843515479923e-09,1.94153176380496e-06,7.869457476772368e-06,5.622332901111804e-05
2865,286500.0,2.6780967712402344,4.6132805437082425e-05,1.0246669290836508e-08,1.4877682588121388e-06,8.928347597247921e-06,5.616684939013794e-05
2866,286600.0,2.6254234313964844,6.058594590285793e-05,5.194876084857469e-09,2.0755167042807443e-06,8.692833944223821e-06,5.611042070086114e-05
2867,286700.0,2.596278429031372,9.044643957167864e-05,2.1385446302701894e-08,3.262277687099413e-06,8.868109944160096e-06,5.605405749520287e-05
2868,286800.0,2.6310970783233643,7.939578790683299e-05,6.314526235229323e-09,2.8304411898716353e-06,8.628438990854193e-06,5.5997748859226704e-05
2869,286900.0,2.5935604572296143,4.780321251018904e-05,8.432523124213276e-09,1.5765983789606253e-06,8.379819519177545e-06,5.594150934484787e-05
2870,287000.0,2.6244442462921143,8.826575503917411e-05,5.7372165684910215e-08,3.075573886235361e-06,1.1319039003865328e-05,5.588530984823592e-05
2871,287100.0,2.7177610397338867,6.677979399682954e-05,1.2653872616397166e-08,2.3086483906809008e-06,9.050928383658174e-06,5.582916855928488e-05
2872,287200.0,2.6165852546691895,6.949288217583671e-05,9.170532777602602e-09,2.3418203909386648e-06,1.0938208106381353e-05,5.577308184001595e-05
2873,287300.0,2.5875422954559326,7.504154200432822e-05,5.6418070215613625e-09,2.649066118465271e-06,8.809251994534861e-06,5.571705332840793e-05
2874,287400.0,2.5862629413604736,5.176944250706583e-05,1.3614195992772693e-08,1.6939196711973636e-06,9.407836842001416e-06,5.566110121435486e-05
2875,287500.0,2.602105140686035,6.12132644164376e-05,7.719871852884808e-09,2.0836841940763406e-06,9.113437045016326e-06,5.560518184211105e-05
2876,287600.0,2.659040689468384,5.1290957344463095e-05,1.1388859633143511e-08,1.6811262639748747e-06,9.251410119759385e-06,5.554932067752816e-05
2877,287700.0,2.748847484588623,5.374368265620433e-05,2.1517577053487003e-08,1.8260693650518078e-06,8.070431249507237e-06,5.5493521358584985e-05
2878,287800.0,2.8343563079833984,4.5950597268529236e-05,4.836617772951968e-09,1.54431063492666e-06,7.337994702538708e-06,5.5437769333366305e-05
2879,287900.0,2.827155113220215,5.802085070172325e-05,6.849711464695929e-09,1.944808218468097e-06,9.393795153300744e-06,5.538209370570257e-05
2880,288000.0,2.8145554065704346,5.14377788931597e-05,1.093262369522563e-08,1.6831256743898848e-06,9.348704224976245e-06,5.532645809580572e-05
2881,288100.0,2.9034981727600098,6.074630800867453e-05,3.7346275405525375e-08,2.103798806274426e-06,8.113989679259248e-06,5.527087705559097e-05
2882,288200.0,2.690887212753296,4.917037585983053e-05,5.162622329635269e-09,1.6224477121795644e-06,8.60401905811159e-06,5.521535058505833e-05
2883,288300.0,2.595048189163208,7.139039371395484e-05,6.528562579433128e-09,2.5069477942452068e-06,8.710170732229017e-06,5.515988596016541e-05
2884,288400.0,2.616098403930664,0.00010204677528236061,7.745827446115072e-08,3.704323944475618e-06,9.361214324599132e-06,5.510448681889102e-05
2885,288500.0,2.808810234069824,6.540578760905191e-05,1.2668094129253404e-08,2.2424069356929976e-06,9.33294722926803e-06,5.504913133336231e-05
2886,288600.0,2.6876370906829834,5.306910679792054e-05,1.1136624067376033e-08,1.7872225726023316e-06,8.37740572023904e-06,5.499383041751571e-05
2887,288700.0,2.8168773651123047,6.251699232961982e-05,2.880957872264389e-08,2.0696866158687044e-06,1.0746010957518592e-05,5.4938584071351215e-05
2888,288800.0,2.8443901538848877,8.961975254351273e-05,1.3579985136402684e-08,3.2512307370780036e-06,8.325402632181067e-06,5.488339229486883e-05
2889,288900.0,2.8214659690856934,4.843395799980499e-05,1.7651736072821222e-08,1.6008345937734703e-06,8.395439181185793e-06,5.482826963998377e-05
2890,289000.0,2.600869655609131,5.941529889241792e-05,1.450882702869194e-08,2.026346464845119e-06,8.742128557059914e-06,5.477319427882321e-05
2891,289100.0,2.7836239337921143,5.7584904425311834e-05,4.771039119333409e-09,1.95059374163975e-06,8.815292858344037e-06,5.471817348734476e-05
2892,289200.0,2.769484043121338,7.07667350070551e-05,8.59626858584761e-09,2.4087689780571964e-06,1.0538918104430195e-05,5.46632036275696e-05
2893,289300.0,2.599547863006592,5.0560018280521035e-05,5.32475041836733e-09,1.6561292568439967e-06,9.151461199508049e-06,5.4608284699497744e-05
2894,289400.0,2.5966975688934326,9.283601684728637e-05,1.1230326002475977e-08,3.3401684049749747e-06,9.32058446778683e-06,5.455344944493845e-05
2895,289500.0,2.5898492336273193,5.9850357502000406e-05,8.377340598997307e-09,2.0575535017997026e-06,8.403143510804512e-06,5.4498636018252e-05
2896,289600.0,2.592899799346924,6.8367735366337e-05,4.089747562829871e-08,2.3344603050645674e-06,9.965328899852466e-06,5.4443891713162884e-05
2897,289700.0,2.5942280292510986,6.375427619786933e-05,9.326230454576034e-09,2.231021198895178e-06,7.969418220454827e-06,5.438919470179826e-05
2898,289800.0,2.748292922973633,6.176909664645791e-05,8.473736379244201e-09,2.078112856906955e-06,9.807798960537184e-06,5.433455589809455e-05
2899,289900.0,2.5976600646972656,3.920959716197103e-05,1.1045421466349126e-08,1.2245824336787337e-06,8.583991075283848e-06,5.427999349194579e-05
2900,290000.0,2.730107307434082,5.5523403716506436e-05,1.1973135372045363e-08,1.8462370690031094e-06,9.355502697871998e-06,5.422546382760629e-05
2901,290100.0,2.7621099948883057,2.9515827918658033e-05,2.216098193841276e-09,8.345014634869585e-07,8.651075404486619e-06,5.41709887329489e-05
2902,290200.0,2.5956807136535645,4.2965948523487896e-05,7.237106913748903e-09,1.3479873359756311e-06,9.25903077586554e-06,5.4116568207973614e-05
2903,290300.0,2.598555326461792,5.534259253181517e-05,6.511047256907432e-09,1.8534345826992649e-06,9.00021677807672e-06,5.406220589065924e-05
2904,290400.0,2.6465187072753906,9.425717144040391e-05,1.7088261472508748e-08,3.407747271921835e-06,9.046400919032749e-06,5.40079090569634e-05
2905,290500.0,2.870797872543335,5.90933341300115e-05,1.2440102281630061e-08,1.9707558749360032e-06,9.811997188080568e-06,5.395365224103443e-05
2906,290600.0,2.9301235675811768,6.129431130830199e-05,3.6822216387122353e-09,2.1060207018308574e-06,8.640110536362045e-06,5.3899449994787574e-05
2907,290700.0,2.958400249481201,4.980907033313997e-05,8.062482237392032e-09,1.6476046766911168e-06,8.61089301906759e-06,5.384530595620163e-05
2908,290800.0,2.8443751335144043,6.829080666648224e-05,6.055224321954711e-09,2.382276989010279e-06,8.727827662369236e-06,5.379121648729779e-05
2909,290900.0,3.066563844680786,5.451731340144761e-05,4.931809982622326e-08,1.8745384977592039e-06,7.604537131555844e-06,5.3737192502012476e-05
2910,291000.0,3.034874439239502,5.870334280189127e-05,1.8246460342652426e-08,1.983025867957622e-06,9.109448910749052e-06,5.368320853449404e-05
2911,291100.0,2.969555139541626,4.745246405946091e-05,1.2252498571285741e-08,1.5023333617136814e-06,9.881877303996589e-06,5.3629279136657715e-05
2912,291200.0,2.7023251056671143,5.108916593599133e-05,1.5475201564640884e-08,1.7197726265294477e-06,8.079373401415069e-06,5.3575404308503494e-05
2913,291300.0,2.671459913253784,6.852077785879374e-05,1.3146192578972205e-08,2.30842238124751e-06,1.0797071809065528e-05,5.352158041205257e-05
2914,291400.0,2.7879891395568848,4.5703494834015146e-05,2.062945148040285e-09,1.4746459555681213e-06,8.8352808234049e-06,5.34678329131566e-05
2915,291500.0,2.7596442699432373,6.751241744495928e-05,9.956389490639594e-09,2.38485017689527e-06,7.881207238824572e-06,5.3414110880112275e-05
2916,291600.0,2.719597339630127,4.3224474211456254e-05,2.1445281106480252e-08,1.4154769587548799e-06,7.816101060598157e-06,5.3360461606644094e-05
2917,291700.0,2.6880810260772705,4.029827323392965e-05,4.069679704343798e-09,1.2750825817420264e-06,8.417136086791288e-06,5.330685235094279e-05
2918,291800.0,2.6023173332214355,6.396693061105907e-05,3.175613105810271e-09,2.2181659460329683e-06,8.50960896059405e-06,5.3253297664923593e-05
2919,291900.0,2.6481966972351074,6.417144322767854e-05,7.046516703468342e-09,2.208941623393912e-06,8.940860425354913e-06,5.3199819376459345e-05
2920,292000.0,2.742027997970581,6.200833013281226e-05,2.525029074718077e-08,2.0796544504264602e-06,9.991722436097916e-06,5.314637746778317e-05
2921,292100.0,2.7816760540008545,5.2943749324185774e-05,2.171380852900029e-09,1.7070155990950298e-06,1.0266187928209547e-05,5.309298649081029e-05
2922,292200.0,2.864706039428711,5.492357740877196e-05,5.427621463383048e-09,1.89768388736411e-06,7.476052360289032e-06,5.3039653721498325e-05
2923,292300.0,2.8215720653533936,5.508785034180619e-05,8.307028842580166e-09,1.8671315729079652e-06,8.401258128287736e-06,5.298637188388966e-05
2924,292400.0,2.903203248977661,6.672373274341226e-05,7.678902136376564e-08,2.294436171723646e-06,9.28604004002409e-06,5.293315552989952e-05
2925,292500.0,3.030465602874756,7.221796840894967e-05,1.1563869861674902e-08,2.572611720097484e-06,7.891112545621581e-06,5.2879975555697456e-05
2926,292600.0,2.974984884262085,3.154752266709693e-05,7.35893701531154e-09,9.434172056899115e-07,7.954735337989405e-06,5.28268537891563e-05
2927,292700.0,2.5871005058288574,4.9049893277697265e-05,6.168201593936828e-08,1.5449948023160687e-06,1.0363342880737036e-05,5.277378295431845e-05
2928,292800.0,2.5898964405059814,6.97961077094078e-05,1.152617468136441e-08,2.479173645042465e-06,7.805241693858989e-06,5.27207666891627e-05
2929,292900.0,2.769547462463379,5.501226769411005e-05,2.0168327452552148e-08,1.9029574787055026e-06,7.418163022521185e-06,5.2667823183583096e-05
2930,293000.0,2.808807611465454,6.805127486586571e-05,7.168000415447295e-09,2.326886260561878e-06,9.871949259832036e-06,5.261491605779156e-05
2931,293100.0,2.8471593856811523,6.243841926334426e-05,2.6550868170716058e-08,2.1782548174087424e-06,7.955502042023e-06,5.2562059863703325e-05
2932,293200.0,2.651658773422241,3.3711683499859646e-05,8.439613452537742e-09,1.000302859210933e-06,8.695670658198651e-06,5.250925460131839e-05
2933,293300.0,2.6487643718719482,6.411035428754985e-05,1.2243768665598509e-08,2.233966370113194e-06,8.248951417044736e-06,5.245650027063675e-05
2934,293400.0,2.668787956237793,3.6922410799888894e-05,2.1270544436902128e-08,1.1433289728302043e-06,8.317912943311967e-06,5.2403822337510064e-05
2935,293500.0,2.780517816543579,4.844214709009975e-05,5.967068172907375e-09,1.5923725413813372e-06,8.626867384009529e-06,5.235117714619264e-05
2936,293600.0,2.706232786178589,5.8312187320552766e-05,8.601197976076946e-09,1.943945790117141e-06,9.704943295218982e-06,5.229858652455732e-05
2937,293700.0,2.5865306854248047,4.573949991026893e-05,3.370744394715075e-08,1.4372764098879998e-06,9.773884812602773e-06,5.2246046834625304e-05
2938,293800.0,2.5915184020996094,5.6268643675139174e-05,8.702301101948251e-09,1.845179895099136e-06,1.0130443115485832e-05,5.219356171437539e-05
2939,293900.0,2.5871737003326416,4.917712794849649e-05,5.008698789055188e-09,1.643772748138872e-06,8.077800885075703e-06,5.2141145715722814e-05
2940,294000.0,2.584345817565918,4.0693663322599605e-05,4.127155062150223e-09,1.3268070233607432e-06,7.519364771724213e-06,5.208876609685831e-05
2941,294100.0,2.7060887813568115,6.046621274435893e-05,9.018317648212815e-09,2.132122517650714e-06,7.154133072617697e-06,5.20364374096971e-05
2942,294200.0,2.5870361328125,3.753103010240011e-05,3.853396712827362e-09,1.1483716662041843e-06,8.81788491824409e-06,5.198415965423919e-05
2943,294300.0,2.611142873764038,5.152594530954957e-05,7.220666731200254e-09,1.691708575890516e-06,9.226007932738867e-06,5.19319401064422e-05
2944,294400.0,2.669081449508667,4.5973865780979395e-05,1.1637398600328197e-08,1.548251134408929e-06,7.255947366502369e-06,5.187978604226373e-05
2945,294500.0,2.597557544708252,5.531870556296781e-05,5.4130291360365845e-09,1.850945864134701e-06,9.039647011377383e-06,5.1827668357873335e-05
2946,294600.0,2.587583065032959,4.393265044200234e-05,9.969838288270694e-09,1.4581573850591667e-06,7.468748663086444e-06,5.177559796720743e-05
2947,294700.0,2.601015090942383,6.384457083186135e-05,8.578250998425574e-09,2.150944510503905e-06,1.006238380796276e-05,5.172358578420244e-05
2948,294800.0,2.6455132961273193,4.645559602067806e-05,3.4106157897895173e-09,1.4815848317084601e-06,9.412565304955933e-06,5.1671631808858365e-05
2949,294900.0,2.5931015014648438,5.838976358063519e-05,6.0211582386671125e-09,1.97011036107142e-06,9.130985745287035e-06,5.1619732403196394e-05
2950,295000.0,2.6215760707855225,3.4050117392325774e-05,2.3237449742197214e-09,9.66459083429072e-07,9.886318366625346e-06,5.15678730153013e-05
2951,295100.0,2.8037073612213135,4.248638651915826e-05,2.933328913101718e-09,1.3558986893258407e-06,8.585986506659538e-06,5.1516068197088316e-05
2952,295200.0,2.7358620166778564,2.8246695364941843e-05,5.7339142323087344e-09,8.266803774859e-07,7.573951734229922e-06,5.1464317948557436e-05
2953,295300.0,2.657275915145874,7.292840746231377e-05,1.196843157913463e-08,2.5933059077942744e-06,8.083795364655089e-06,5.1412618631729856e-05
2954,295400.0,2.593284845352173,2.384113395237364e-05,1.7469004021108958e-08,6.567099148924171e-07,7.405916676361812e-06,5.1360984798520803e-05
2955,295500.0,2.586374521255493,5.1195162086514756e-05,1.6287369675183072e-08,1.674841200838273e-06,9.3078469944885e-06,5.130939098307863e-05
2956,295600.0,2.598004102706909,4.414560680743307e-05,4.0824769342862055e-08,1.395729213982122e-06,9.211552423948888e-06,5.1257844461360946e-05
2957,295700.0,2.5951390266418457,5.8177178289042786e-05,3.718458430057581e-08,1.9581032120186137e-06,9.187411706079729e-06,5.120635250932537e-05
2958,295800.0,2.5875442028045654,4.379270467325114e-05,7.979300775673437e-09,1.3987433931106352e-06,8.816141416900791e-06,5.115491148899309e-05
2959,295900.0,2.5873241424560547,5.383018287830055e-05,1.17650431619154e-08,1.8375817489868496e-06,7.878870746935718e-06,5.1103535952279344e-05
2960,296000.0,2.6167421340942383,3.338249007356353e-05,6.3839586950109606e-09,1.0074791134684347e-06,8.189125765056815e-06,5.1052196795353666e-05
2961,296100.0,2.775606632232666,3.8292546378215775e-05,4.212985071916364e-09,1.235831177837099e-06,7.392556199192768e-06,5.1000912208110094e-05
2962,296200.0,2.591181516647339,3.342449781484902e-05,3.3041075653272856e-08,9.874052011582535e-07,8.70632538862992e-06,5.094967855256982e-05
2963,296300.0,2.586179256439209,5.789326678495854e-05,9.474183215729681e-09,1.9168930975865806e-06,9.961466275854036e-06,5.089849582873285e-05
2964,296400.0,2.8827123641967773,6.24914828222245e-05,6.198198398976729e-09,2.175976987928152e-06,8.085862646112218e-06,5.08473785885144e-05
2965,296500.0,2.7778303623199463,7.862185157136992e-05,3.08888772337923e-08,2.79176151707361e-06,8.79692379385233e-06,5.079629772808403e-05
2966,296600.0,2.9137790203094482,4.019275729660876e-05,7.819089375971089e-09,1.2888959872725536e-06,7.962539712025318e-06,5.074527143733576e-05
2967,296700.0,2.6468207836151123,5.391171362134628e-05,5.535034652837112e-09,1.8657777900443762e-06,7.261737664521206e-06,5.0694288802333176e-05
2968,296800.0,2.5867362022399902,5.62353125133086e-05,1.0417726237221814e-08,1.9153560515405843e-06,8.340989552380051e-06,5.06433607370127e-05
2969,296900.0,2.6954689025878906,4.246173921274021e-05,4.869041170252331e-09,1.3251728887553327e-06,9.327549378213007e-06,5.059250179328956e-05
2970,297000.0,2.809957265853882,5.953931395197287e-05,9.43043954038103e-09,2.0716965991596226e-06,7.737467058177572e-06,5.054168286733329e-05
2971,297100.0,3.0301320552825928,5.776153921033256e-05,3.0852792320956723e-08,1.9499675545375794e-06,8.981495739135426e-06,5.0490907597122714e-05
2972,297200.0,2.7507593631744385,6.357026722980663e-05,1.5929396468550294e-08,2.2201538740773685e-06,8.050496944633778e-06,5.0440183258615434e-05
2973,297300.0,2.789119005203247,4.9156569730257615e-05,5.081894460801095e-09,1.5808168427611236e-06,9.631065950088669e-06,5.038951348979026e-05
2974,297400.0,2.874208688735962,5.24779170518741e-05,8.855245425820613e-09,1.7969734926737146e-06,7.544723757746397e-06,5.033890556660481e-05
2975,297500.0,2.7465293407440186,3.721423854585737e-05,6.722963519223413e-09,1.148002979789453e-06,8.507440725225024e-06,5.0288334023207426e-05
2976,297600.0,2.769087791442871,5.6697499530855566e-05,1.7233316995657333e-08,1.9292613160359906e-06,8.448732842225581e-06,5.0237809773534536e-05
2977,297700.0,2.755511999130249,4.736524715553969e-05,3.6600165120859174e-09,1.5136953379624174e-06,9.519203558738809e-06,5.0187351007480174e-05
2978,297800.0,2.8678462505340576,6.764045974705368e-05,5.165329497458515e-09,2.3580091692565475e-06,8.68506685947068e-06,5.013692862121388e-05
2979,297900.0,2.749009847640991,5.787111876998097e-05,1.1323728621448481e-08,1.9608501133916434e-06,8.83854318090016e-06,5.0086578994523734e-05
2980,298000.0,2.743129253387451,4.973374234396033e-05,2.2207686356523482e-08,1.6868535794856143e-06,7.540193564636866e-06,5.003626210964285e-05
2981,298100.0,2.6978678703308105,5.7840250519802794e-05,1.2789032055593452e-08,1.9338176571181975e-06,9.482019777351525e-06,4.998599615646526e-05
2982,298200.0,2.5844039916992188,5.787379268440418e-05,9.364358177776921e-09,1.9985902781627374e-06,7.899669981270563e-06,4.993577749701217e-05
2983,298300.0,2.728935718536377,5.634717672364786e-05,3.624415967351524e-08,1.9151480046275537e-06,8.432230970356613e-06,4.988561340724118e-05
2984,298400.0,2.609245538711548,6.517792644444853e-05,2.7288997728192044e-08,2.2589881609746953e-06,8.675929166201968e-06,4.9835511163109913e-05
2985,298500.0,2.5986263751983643,4.575050843413919e-05,1.6267359015387228e-08,1.5156864492382738e-06,7.842077138775494e-06,4.9785448936745524e-05
2986,298600.0,2.6607980728149414,4.194620487396605e-05,1.5659633589848454e-08,1.350325419480214e-06,8.17241016193293e-06,4.973544128006324e-05
2987,298700.0,2.815258264541626,4.883483052253723e-05,7.0231696014388945e-09,1.6225232002398116e-06,8.264723874162883e-06,4.968547364114784e-05
2988,298800.0,2.737600803375244,6.332481279969215e-05,9.026366321052137e-09,2.1952425868221326e-06,8.43472207634477e-06,4.963556057191454e-05
2989,298900.0,3.0231053829193115,4.3418400309747085e-05,7.341594887577685e-09,1.4634814533565077e-06,6.824021056672791e-06,4.958571298629977e-05
2990,299000.0,3.0107672214508057,5.907758168177679e-05,8.645154814246325e-09,2.0095153558941092e-06,8.83105349203106e-06,4.953589814249426e-05
2991,299100.0,3.003321409225464,3.9243506762431934e-05,5.427147176106928e-09,1.3085037835480762e-06,6.525483058794634e-06,4.948613786837086e-05
2992,299200.0,2.677466869354248,4.69547558168415e-05,2.3796722814495297e-08,1.5884829736023676e-06,7.218886366899824e-06,4.9436421249993145e-05
2993,299300.0,2.774714469909668,4.128645014134236e-05,1.4530164627046815e-08,1.3532609273170237e-06,7.440396984748077e-06,4.9386759201297536e-05
2994,299400.0,2.8185548782348633,2.6746549337985925e-05,2.9254191957761577e-08,7.542176376773568e-07,7.861853191570845e-06,4.9337162636220455e-05
2995,299500.0,2.65618896484375,3.121051486232318e-05,8.748765267796443e-09,9.042000215231383e-07,8.596764928370249e-06,4.9287602450931445e-05
2996,299600.0,2.8378589153289795,3.686619675136171e-05,5.881876319335788e-09,1.180221829599759e-06,7.354767149081454e-06,4.923808592138812e-05
2997,299700.0,2.7352185249328613,3.9597074646735564e-05,4.710079437586501e-09,1.2828410262955003e-06,7.521337465732358e-06,4.9188620323548093e-05
2998,299800.0,2.6786136627197266,4.6605269744759426e-05,4.9965396264894935e-09,1.5044561223476194e-06,8.988871741166804e-06,4.9139209295390174e-05
2999,299900.0,2.6512675285339355,5.042536577093415e-05,1.0106234960005622e-08,1.7062042161342106e-06,7.760154403513297e-06,4.908985647489317e-05
3000,300000.0,2.749006986618042,5.76678903598804e-05,5.184702889238224e-09,1.9275714748800965e-06,9.473418685956858e-06,4.9040536396205425e-05
3001,300100.0,2.8382833003997803,3.654674583231099e-05,5.163836025445789e-09,1.1469541050246335e-06,7.867733074817806e-06,4.899127088719979e-05
3002,300200.0,2.8218131065368652,3.828395711025223e-05,6.722681522575158e-09,1.1783195077441633e-06,8.819246431812644e-06,4.894205994787626e-05
3003,300300.0,2.9634833335876465,5.265811341814697e-05,6.497300475416523e-09,1.7808523580242763e-06,8.13030874269316e-06,4.8892892664298415e-05
3004,300400.0,2.9470436573028564,4.0735929360380396e-05,5.3298045976646335e-09,1.3168138366381754e-06,7.81025391916046e-06,4.884378722636029e-05
3005,300500.0,2.822592258453369,4.5923155994387344e-05,2.1217870127543392e-08,1.4806989838689333e-06,8.884464477887377e-06,4.879471816821024e-05
3006,300600.0,2.7583954334259033,3.3784323022700846e-05,4.512420215263546e-09,1.0382682376075536e-06,7.82310507929651e-06,4.8745700041763484e-05
3007,300700.0,2.5973894596099854,4.1636878449935466e-05,5.501721744849419e-09,1.34880372115731e-06,7.911281500128098e-06,4.869673284702003e-05
3008,300800.0,2.6312036514282227,2.929006950580515e-05,3.1989801918541616e-09,8.861399010129389e-07,7.133372037060326e-06,4.8647816583979875e-05
3009,300900.0,2.7003276348114014,6.8575085606426e-05,2.19930740286145e-08,2.410033857813687e-06,8.302241440105718e-06,4.859895852860063e-05
3010,301000.0,2.6777079105377197,2.9627517506014556e-05,2.744965810208555e-09,8.589238973399915e-07,8.151675501721911e-06,4.8550133215030655e-05
3011,301100.0,2.703550338745117,4.0589951822767034e-05,1.280692796257199e-08,1.2777544498021598e-06,8.633282959635835e-06,4.8501362471142784e-05
3012,301200.0,2.588453531265259,5.26039075339213e-05,3.859164099395684e-09,1.8285409169038758e-06,6.88652335156803e-06,4.84526353830006e-05
3013,301300.0,2.5921483039855957,2.968185617646668e-05,1.0220826851536913e-08,8.541844636056339e-07,8.317023457493633e-06,4.840396286454052e-05
3014,301400.0,2.589555025100708,4.4009811972500756e-05,5.108552247889975e-09,1.4030916872798116e-06,8.927409908210393e-06,4.835535219172016e-05
3015,301500.0,2.612618923187256,5.763059016317129e-05,1.2564901119560545e-08,1.9163389879395254e-06,9.709551704872865e-06,4.830677789868787e-05
3016,301600.0,2.6750011444091797,5.58956635359209e-05,7.548035085847005e-09,1.911329945869511e-06,8.104868356895167e-06,4.8258247261401266e-05
3017,301700.0,2.7224791049957275,5.0885504606412724e-05,7.099997922921375e-09,1.6657994592605974e-06,9.233414857590105e-06,4.820977119379677e-05
3018,301800.0,2.741441249847412,6.290434976108372e-05,8.22118551013773e-09,2.2101930881035514e-06,7.641303454875015e-06,4.816133878193796e-05
3019,301900.0,2.647609233856201,3.058003494516015e-05,5.833788563336384e-09,8.644148579151079e-07,8.963827895058785e-06,4.811297185369767e-05
3020,302000.0,2.7159464359283447,3.1060499168233946e-05,5.180432083307096e-09,9.426453289052006e-07,7.489185009035282e-06,4.806463766726665e-05
3021,302100.0,2.707716941833496,3.0060327844694257e-05,9.638200459960444e-09,8.353437124242191e-07,9.167095413431525e-06,4.8016350774560124e-05
3022,302200.0,2.6221542358398438,4.6502307668561116e-05,3.1898081953585233e-09,1.514830842097581e-06,8.62834531289991e-06,4.7968114813556895e-05
3023,302300.0,2.7174973487854004,6.604695954592898e-05,6.334474988989314e-08,2.236523187093553e-06,1.0070536518469453e-05,4.791992614627816e-05
3024,302400.0,2.6207778453826904,6.14369273534976e-05,4.863824010215012e-09,2.13697330764262e-06,8.007734322745819e-06,4.787180296261795e-05
3025,302500.0,2.762758493423462,4.310763324610889e-05,4.3833989771258075e-09,1.4175464002619265e-06,7.664589247724507e-06,4.7823712520767e-05
3026,302600.0,2.7893388271331787,4.1109575249720365e-05,2.8660054329776585e-09,1.2916094647152931e-06,8.81646883499343e-06,4.777566573466174e-05
3027,302700.0,2.884133815765381,2.849477641575504e-05,7.799223489257656e-09,8.105521942525229e-07,8.223170880228281e-06,4.772767351823859e-05
3028,302800.0,2.7963621616363525,4.4389260438038036e-05,8.124238171092202e-09,1.463274656998692e-06,7.799269042152446e-06,4.767972495756112e-05
3029,302900.0,2.9436776638031006,4.6004399337107316e-05,1.8835267567851588e-08,1.4910611980667454e-06,8.709032954357099e-06,4.763183824252337e-05
3030,303000.0,3.016204595565796,4.533344690571539e-05,6.557814735685952e-09,1.4658161262559588e-06,8.681481631356291e-06,4.7583987907273695e-05
3031,303100.0,3.028109312057495,3.570236003724858e-05,1.0685595741577458e-09,1.0252298352497746e-06,1.007054561341647e-05,4.753618486574851e-05
3032,303200.0,3.025076150894165,4.1324004996567965e-05,5.6091793432244685e-09,1.2347597930784104e-06,1.044939835992409e-05,4.748842911794782e-05
3033,303300.0,3.069225311279297,3.097664375673048e-05,1.2888891731677177e-08,9.47213720792206e-07,7.283410468517104e-06,4.744072430185042e-05
3034,303400.0,3.6397082805633545,3.86463689210359e-05,7.74841879547239e-09,1.2455660680643632e-06,7.4994677561335266e-06,4.739308133139275e-05
3035,303500.0,2.5913219451904297,4.306120899855159e-05,5.671870084711372e-09,1.3849979723090655e-06,8.430585694441106e-06,4.7345467464765534e-05
3036,303600.0,2.5929465293884277,3.318306335131638e-05,6.827302279077685e-09,1.0176744353884715e-06,7.734374776191544e-06,4.7297908167820424e-05
3037,303700.0,2.8297038078308105,3.2930773159023374e-05,3.761439604232919e-09,1.0184148777625524e-06,7.466639090125682e-06,4.7250392526621e-05
3038,303800.0,2.8448028564453125,3.6454446671996266e-05,3.536900772260765e-09,1.0847392104551545e-06,9.332432455266826e-06,4.7202927817124873e-05
3039,303900.0,2.9521658420562744,4.020869891974144e-05,2.47771438921518e-08,1.2825632893509464e-06,8.119836820696946e-06,4.715552131528966e-05
3040,304000.0,2.8046436309814453,6.057059727027081e-05,4.934478603502157e-09,2.073623136311653e-06,8.72508462634869e-06,4.710815119324252e-05
3041,304100.0,2.889500856399536,7.427170930895954e-05,9.219395913362405e-09,2.6437605811224785e-06,8.168478416337166e-06,4.706082836491987e-05
3042,304200.0,2.9268412590026855,3.5431185096967965e-05,2.3993627085161506e-09,1.1096511798314168e-06,7.68750578572508e-06,4.701354919234291e-05
3043,304300.0,2.614403009414673,5.757502367487177e-05,5.2467847844184234e-09,1.9901317500625737e-06,7.816483048372902e-06,4.696632095146924e-05
3044,304400.0,2.592900276184082,5.6286931794602424e-05,5.929493784861961e-09,1.8358476836510818e-06,1.0384808774688281e-05,4.691915091825649e-05
3045,304500.0,2.7012996673583984,3.057414505747147e-05,6.928235318781617e-09,9.415728072781349e-07,7.0278979364957195e-06,4.687201726483181e-05
3046,304600.0,2.702698230743408,5.70156225876417e-05,1.2493067025332039e-08,1.943606321219704e-06,8.412970601057168e-06,4.682493090513162e-05
3047,304700.0,2.593536853790283,3.9349757571471855e-05,9.843422965616355e-09,1.2231142818563967e-06,8.76205649547046e-06,4.677789183915593e-05
3048,304800.0,2.6377687454223633,4.6727760491194203e-05,3.294071682091726e-09,1.531887278360955e-06,8.427285138168372e-06,4.6730900066904724e-05
3049,304900.0,2.613307237625122,6.640460196649656e-05,1.296218954394135e-08,2.3447089461114956e-06,7.773913239361718e-06,4.668397014029324e-05
3050,305000.0,2.7764925956726074,4.942374653182924e-05,1.3280056165854148e-08,1.6207605995077756e-06,8.891451216186397e-06,4.6637069317512214e-05
3051,305100.0,2.7434568405151367,2.3623913875781e-05,2.6341924197481603e-09,6.446794031944592e-07,7.5042944445158355e-06,4.659021942643449e-05
3052,305200.0,2.597689628601074,4.141828685533255e-05,7.073679419988821e-09,1.328555754298577e-06,8.197320312319789e-06,4.6543413191102445e-05
3053,305300.0,2.596336603164673,5.8047058701049536e-05,3.952560057030041e-09,2.001289431063924e-06,8.010872988961637e-06,4.64966578874737e-05
3054,305400.0,2.8035943508148193,5.138276901561767e-05,1.044800601590623e-08,1.7260404092667159e-06,8.22131369204726e-06,4.644996079150587e-05
3055,305500.0,2.815204620361328,2.9353559511946514e-05,6.880233716088924e-09,8.184631496988004e-07,8.885100214683916e-06,4.6403300075326115e-05
3056,305600.0,2.8388824462890625,2.7719286663341336e-05,1.4007613735600444e-08,7.868662237342505e-07,8.033622179937083e-06,4.6356679376913235e-05
3057,305700.0,2.8483309745788574,2.4987157303257845e-05,2.62766275405113e-09,6.78824221722607e-07,8.013924343686085e-06,4.6310109610203654e-05
3058,305800.0,2.83148193359375,4.24147947342135e-05,4.768127226384422e-09,1.3258695616968907e-06,9.263287211069837e-06,4.6263587137218565e-05
3059,305900.0,2.6415395736694336,5.1133920351276174e-05,1.634122170912633e-08,1.7458332877140492e-06,7.471744993381435e-06,4.6217126509873196e-05
3060,306000.0,2.804654121398926,4.827098018722609e-05,4.875865045050887e-09,1.6159757478817482e-06,7.86670898378361e-06,4.6170694986358285e-05
3061,306100.0,2.7510199546813965,6.170330743771046e-05,8.588002309295462e-09,2.1272908270475455e-06,8.512449312547687e-06,4.612431439454667e-05
3062,306200.0,2.612175941467285,4.207376696285792e-05,5.1614037488434406e-09,1.3298877092893235e-06,8.821410119708162e-06,4.607798109645955e-05
3063,306300.0,2.587109327316284,4.946097396896221e-05,5.345871745277009e-09,1.6672991023369832e-06,7.773151992296334e-06,4.6031695092096925e-05
3064,306400.0,2.588799476623535,2.522235627111513e-05,4.1396401861959475e-09,6.27778604211926e-07,9.523751941742375e-06,4.59854636574164e-05
3065,306500.0,2.5849311351776123,5.258521196083166e-05,1.0836758157495296e-08,1.8034035065284115e-06,7.489285053452477e-06,4.5939264964545146e-05
3066,306600.0,2.6111795902252197,4.148872903897427e-05,1.3621947125841416e-08,1.328773464592814e-06,8.25577080831863e-06,4.589311720337719e-05
3067,306700.0,2.5853843688964844,5.3792333346791565e-05,1.813526573357649e-08,1.818998157432361e-06,8.299245564558078e-06,4.5847013097954914e-05
3068,306800.0,2.5954549312591553,3.1546725949738175e-05,3.7095406746345816e-09,9.161585126093996e-07,8.639052794023883e-06,4.5800952648278326e-05
3069,306900.0,2.589841842651367,3.663573079393245e-05,5.86904702615243e-09,1.150430421148485e-06,7.869100954849273e-06,4.5754957682220265e-05
3070,307000.0,2.6224000453948975,6.058627332095057e-05,7.361456777488229e-09,2.098666755045997e-06,8.112240720947739e-06,4.570899181999266e-05
3071,307100.0,2.7077889442443848,2.5920700863935053e-05,8.802011564057466e-09,7.422493695230514e-07,7.355663456110051e-06,4.566307688946836e-05
3072,307200.0,2.603524923324585,4.438295218278654e-05,9.163274583556813e-09,1.4333210174299893e-06,8.540760973119177e-06,4.561720197671093e-05
3073,307300.0,2.6687421798706055,3.520914106047712e-05,4.935900133062887e-09,1.0334979378967546e-06,9.366754056827631e-06,4.5571374357677996e-05
3074,307400.0,2.761357545852661,3.2434931199532e-05,3.852118624081413e-09,9.522936466055398e-07,8.623736903246026e-06,4.552560858428478e-05
3075,307500.0,2.7071027755737305,4.629611430573277e-05,9.114425658651726e-09,1.4750987702427665e-06,9.409530321136117e-06,4.5479871914722025e-05
3076,307600.0,2.85625958442688,4.7227142204064876e-05,1.2653971204201753e-08,1.4887782526784576e-06,9.995034815801773e-06,4.543418253888376e-05
3077,307700.0,2.8470065593719482,4.320414154790342e-05,4.917423357397865e-09,1.378271690555266e-06,8.742430509300902e-06,4.5388544094748795e-05
3078,307800.0,2.6801860332489014,3.563981954357587e-05,7.3177441883842675e-09,1.1305645557513344e-06,7.368387741735205e-06,4.534294566838071e-05
3079,307900.0,2.8798208236694336,3.1947340175975114e-05,4.05560562910523e-09,9.805548870644998e-07,7.4294111982453614e-06,4.529741272563115e-05
3080,308000.0,2.8625566959381104,3.7913196138106287e-05,1.3979940760577847e-08,1.2352869589449256e-06,7.017042662482709e-06,4.525190524873324e-05
3081,308100.0,2.713012456893921,4.074825483257882e-05,3.7088412341290677e-09,1.3771713156529586e-06,6.3152674556476995e-06,4.520644506555982e-05
3082,308200.0,2.8108108043670654,3.1163126550382e-05,2.4018009803228324e-09,9.238652864951291e-07,8.06409207143588e-06,4.5161028538132086e-05
3083,308300.0,2.8401193618774414,4.400997931952588e-05,1.9240063764414117e-08,1.4333294302559807e-06,8.157500815286767e-06,4.511566294240765e-05
3084,308400.0,2.700111150741577,5.8954337873728946e-05,3.276922511119551e-09,2.039341552517726e-06,7.967524652485736e-06,4.5070351916365325e-05
3085,308500.0,2.7755582332611084,2.7803525881608948e-05,6.922464823588825e-09,8.054243494370894e-07,7.660994015168399e-06,4.502507727011107e-05
3086,308600.0,2.8149020671844482,3.744882269529626e-05,3.5357885508346953e-08,1.2192311942271772e-06,6.932683845661813e-06,4.49798462796025e-05
3087,308700.0,2.6424784660339355,3.344092328916304e-05,3.979275575716201e-09,1.0529946621318231e-06,7.112078947102418e-06,4.493465894483961e-05
3088,308800.0,2.591188430786133,3.7235920899547637e-05,1.298096652391223e-08,1.1538539865796338e-06,8.376591722480953e-06,4.488951526582241e-05
3089,308900.0,2.587247610092163,4.6543587814085186e-05,3.526560599098616e-09,1.4990278032200877e-06,9.064365258382168e-06,4.484443707042374e-05
3090,309000.0,2.6465401649475098,3.948495941585861e-05,3.35638823401041e-08,1.2559114566101925e-06,8.053607416513842e-06,4.4799384340876713e-05
3091,309100.0,2.8298957347869873,4.091258597327396e-05,3.3628326789880703e-09,1.301572410739027e-06,8.369910574401729e-06,4.4754375267075375e-05
3092,309200.0,2.7564265727996826,6.345348083414137e-05,4.29560254033845e-09,2.2546616946783615e-06,7.082649972289801e-06,4.4709417124977335e-05
3093,309300.0,2.7176156044006348,2.7242389478487894e-05,2.0698442959599106e-09,7.834044026822085e-07,7.655208719370421e-06,4.466450627660379e-05
3094,309400.0,2.7765276432037354,2.3989585315575823e-05,1.6746245501408907e-09,6.571249286935199e-07,7.55978680899716e-06,4.461964999791235e-05
3095,309500.0,2.769277811050415,3.878003917634487e-05,4.433246214574638e-09,1.2701782452495536e-06,7.021151304797968e-06,4.457482646103017e-05
3096,309600.0,2.7143540382385254,6.97973882779479e-05,1.0898697944128344e-08,2.469865876264521e-06,8.039839485718403e-06,4.453004657989368e-05
3097,309700.0,2.6115524768829346,4.9475987907499075e-05,2.0891199881134526e-09,1.6516886489625904e-06,8.181683369912207e-06,4.448531035450287e-05
3098,309800.0,2.6003668308258057,3.968529563280754e-05,1.751173428488073e-08,1.3008035466555157e-06,7.1476929406344425e-06,4.444062142283656e-05
3099,309900.0,2.5877368450164795,4.4465479732025415e-05,1.0366722591470534e-08,1.457899998058565e-06,8.00761154096108e-06,4.4395990698831156e-05
3100,310000.0,2.5843911170959473,4.060782885062508e-05,5.686930037995808e-09,1.3185822353989352e-06,7.63758725952357e-06,4.435138907865621e-05
3101,310100.0,2.6963884830474854,2.7620197215583175e-05,3.660154845874786e-08,7.646384574400145e-07,8.467634870612528e-06,4.430683475220576e-05
3102,310200.0,2.5882318019866943,4.8076519306050614e-05,6.544921049567165e-09,1.5628226037733839e-06,8.999408237286843e-06,4.426232408150099e-05
3103,310300.0,2.682321310043335,5.0264930905541405e-05,9.05499764058959e-09,1.7093778978960472e-06,7.52143068893929e-06,4.421786070452072e-05
3104,310400.0,2.590749979019165,3.8619757106062025e-05,5.755919296746015e-09,1.2406770792949828e-06,7.597074727527797e-06,4.4173455535201356e-05
3105,310500.0,2.6037755012512207,5.1170070946682245e-05,6.583859235576028e-09,1.716428300824191e-06,8.252778570749797e-06,4.412907946971245e-05
3106,310600.0,2.730703353881836,4.177480150246993e-05,3.0986166965618622e-09,1.3677600918526878e-06,7.577697488159174e-06,4.4084743421990424e-05
3107,310700.0,2.591702699661255,2.902974847529549e-05,2.5475385356799052e-08,8.788044283392082e-07,7.034162536001531e-06,4.40404583059717e-05
3108,310800.0,2.5879268646240234,2.4535478587495163e-05,4.315065194049339e-09,6.692242777717183e-07,7.80055870563956e-06,4.3996216845698655e-05
3109,310900.0,2.6948087215423584,4.690068089985289e-05,6.2653788823752166e-09,1.5843489791222964e-06,7.285693754965905e-06,4.395202631712891e-05
3110,311000.0,2.8070733547210693,4.449475818546489e-05,6.020073328727449e-09,1.4496536095975898e-06,8.247396181104705e-06,4.3907879444304854e-05
3111,311100.0,2.8807013034820557,5.081403651274741e-05,4.278311038774518e-09,1.6960477751126746e-06,8.408564099227078e-06,4.386376895126887e-05
3112,311200.0,2.7195305824279785,3.7816254916833714e-05,7.891321374131621e-09,1.1678088185362867e-06,8.613143108959775e-06,4.3819702113978565e-05
3113,311300.0,2.740711212158203,5.182411405257881e-05,1.2572457741555354e-08,1.7214470062754117e-06,8.775366040936206e-06,4.377567893243395e-05
3114,311400.0,2.59794020652771,4.0772694774204865e-05,5.477495790273679e-09,1.322818889093469e-06,7.696743523410987e-06,4.373171759652905e-05
3115,311500.0,2.5991580486297607,2.5033546990016475e-05,4.543098786058408e-09,7.040713398964726e-07,7.427218861266738e-06,4.368778536445461e-05
3116,311600.0,2.6019248962402344,3.892624954460189e-05,2.4924686758964754e-09,1.240714595951431e-06,7.90589092503069e-06,4.364389315014705e-05
3117,311700.0,2.7485506534576416,4.4427626562537625e-05,1.1296829249829443e-08,1.4469262623606483e-06,8.243172487709671e-06,4.360005186754279e-05
3118,311800.0,2.7406322956085205,4.9428141210228205e-05,1.4029345685173666e-08,1.6927700698943227e-06,7.094863576639909e-06,4.355625424068421e-05
3119,311900.0,2.9404478073120117,3.354624641360715e-05,5.644166023444086e-09,9.931527529261075e-07,8.71178326633526e-06,4.351251118350774e-05
3120,312000.0,2.737797260284424,4.285051181796007e-05,5.440065287132256e-09,1.3642907106259372e-06,8.737804819247685e-06,4.3468797230161726e-05
3121,312100.0,3.084578275680542,2.9804728910676204e-05,6.063004764911284e-09,8.673833917782758e-07,8.114080628729425e-06,4.3425130570540205e-05
3122,312200.0,2.953403949737549,3.5465996916173026e-05,6.068897828725994e-09,1.11384395040659e-06,7.613830803165911e-06,4.338150392868556e-05
3123,312300.0,2.6659836769104004,5.063647040515207e-05,9.600822359345784e-09,1.6810193983474164e-06,8.601385161455255e-06,4.333792458055541e-05
3124,312400.0,2.6460347175598145,3.0224657166399993e-05,1.1173811209630458e-08,9.127706448452955e-07,7.394216936518205e-06,4.329440344008617e-05
3125,312500.0,2.6347992420196533,3.9376500353682786e-05,5.968932015321116e-09,1.2756308933603577e-06,7.479757186956704e-06,4.325090776546858e-05
3126,312600.0,2.7522494792938232,4.2193081753794104e-05,2.6556474796990415e-09,1.396403035869298e-06,7.2803491093509365e-06,4.320746302255429e-05
3127,312700.0,2.7644565105438232,1.966997660929337e-05,2.163946577482534e-09,4.5143360694055445e-07,8.381972293136641e-06,4.3164054659428075e-05
3128,312800.0,2.691401481628418,3.202524021617137e-05,3.7670653263433e-09,9.293772222918051e-07,8.78704395290697e-06,4.312068995204754e-05
3129,312900.0,2.6209728717803955,3.826349711744115e-05,8.22556689428211e-09,1.1715801520040259e-06,8.965768756752368e-06,4.3077390728285536e-05
3130,313000.0,2.5849757194519043,6.137676973594353e-05,5.019198390243673e-09,2.15951672544179e-06,7.383831871266011e-06,4.303411333239637e-05
3131,313100.0,2.7228753566741943,4.3077779992017895e-05,2.321077730016441e-08,1.4222601976143778e-06,7.498062586819287e-06,4.2990879592252895e-05
3132,313200.0,2.7384207248687744,4.148481093579903e-05,6.679722552860312e-09,1.3705928267881973e-06,7.213312983367359e-06,4.29476895078551e-05
3133,313300.0,2.7637548446655273,3.100288085988723e-05,1.9776493775935933e-09,9.178332902592956e-07,8.055069883994292e-06,4.29045467171818e-05
3134,313400.0,2.815415859222412,4.455402086023241e-05,3.434925011092105e-09,1.511171262791322e-06,6.7713053795159794e-06,4.286145849619061e-05
3135,313500.0,2.772594928741455,2.4405961084994487e-05,8.059776845925626e-09,6.148051170384861e-07,9.027772648551036e-06,4.281840301700868e-05
3136,313600.0,2.6800758838653564,1.7188795027323067e-05,3.115968150169124e-09,3.6157751992504927e-07,8.146241270878818e-06,4.277538391761482e-05
3137,313700.0,2.8418657779693604,5.684043935616501e-05,5.673415071072441e-09,1.9517165128490888e-06,8.041854925977532e-06,4.273241574992426e-05
3138,313800.0,2.7553064823150635,3.627116166171618e-05,1.249664904889869e-08,1.1785419928855845e-06,6.7951168603030965e-06,4.268948396202177e-05
3139,313900.0,2.815384864807129,4.3783413275377825e-05,8.057593703370003e-09,1.4234059335649363e-06,8.19020533526782e-06,4.264661038178019e-05
3140,314000.0,2.719170331954956,4.01483011955861e-05,4.789625585033264e-09,1.3128442333254497e-06,7.3224045991082676e-06,4.260376590536907e-05
3141,314100.0,2.7034387588500977,3.673061655717902e-05,1.634717250453832e-08,1.1284167840130976e-06,8.503850949637126e-06,4.256097236066125e-05
3142,314200.0,2.5895211696624756,2.702352503547445e-05,2.531690634910433e-09,7.863395694585051e-07,7.362504220509436e-06,4.2518215195741504e-05
3143,314300.0,2.59177827835083,2.894224780902732e-05,1.6962655280394756e-08,8.740303769627644e-07,7.074525456118863e-06,4.247550168656744e-05
3144,314400.0,2.6441445350646973,5.426648567663506e-05,1.1707689040463265e-08,1.8401273109702743e-06,8.25159531814279e-06,4.243284274707548e-05
3145,314500.0,2.584627389907837,1.9809454897767864e-05,2.5220328048192187e-09,4.90505669858976e-07,7.5442894740263e-06,4.239021291141398e-05
3146,314600.0,2.5911943912506104,2.6762343622976914e-05,3.369139189857151e-09,7.482427690774784e-07,8.052907105593476e-06,4.2347630369476974e-05
3147,314700.0,2.598362684249878,3.0209490432753228e-05,4.015817012259504e-09,8.82914491739939e-07,8.13261249277275e-06,4.2305087845306844e-05
3148,314800.0,2.7024953365325928,3.813103830907494e-05,6.501377214362947e-09,1.1732296343325288e-06,8.793796951067634e-06,4.22625889768824e-05
3149,314900.0,2.611794948577881,3.310431202407926e-05,5.930389512798229e-09,1.0287758414051495e-06,7.378986538242316e-06,4.222015195409767e-05
3150,315000.0,2.693477153778076,4.2154279071837664e-05,3.400122627894575e-09,1.3871467672288418e-06,7.472208835679339e-06,4.217773675918579e-05
3151,315100.0,2.788435697555542,3.103726703557186e-05,1.0436933983726249e-08,9.337754818261601e-07,7.682445357204415e-06,4.2135365220019594e-05
3152,315200.0,2.8404996395111084,2.9700309823965654e-05,3.6274214743059474e-09,8.681372491992079e-07,7.993251529114787e-06,4.209303733659908e-05
3153,315300.0,2.5951528549194336,3.575196024030447e-05,5.009226100582964e-08,1.103755266740336e-06,8.107986104732845e-06,4.205074583296664e-05
3154,315400.0,2.6816067695617676,3.29511021845974e-05,9.240040732549915e-09,1.0031020565293147e-06,7.864308827265631e-06,4.200851617497392e-05
3155,315500.0,2.79581356048584,4.129849185119383e-05,1.7454533818295204e-08,1.2752487918987754e-06,9.39981600822648e-06,4.196631198283285e-05
3156,315600.0,2.594937562942505,4.2121155274799094e-05,5.315356599311372e-09,1.3521672599381418e-06,8.311657438753173e-06,4.192415508441627e-05
3157,315700.0,2.5925254821777344,2.7703270461643115e-05,1.3642091900578635e-08,7.588629387100809e-07,8.718053322809283e-06,4.1882041841745377e-05
3158,315800.0,2.5882270336151123,2.248156124551315e-05,3.3878473360005046e-09,6.220098498488369e-07,6.927928552613594e-06,4.1839964978862554e-05
3159,315900.0,2.592193365097046,3.4963861253345385e-05,3.895048727997619e-09,1.0811055517478962e-06,7.932326298032422e-06,4.179794996161945e-05
3160,316000.0,2.5944559574127197,4.3089261453133076e-05,3.106496393456837e-08,1.3739041833105148e-06,8.710590918781236e-06,4.175595677224919e-05
3161,316100.0,2.8517119884490967,3.875872425851412e-05,1.4288122685002236e-08,1.241958898390294e-06,7.695465683354996e-06,4.1714010876603425e-05
3162,316200.0,2.609226703643799,3.182969885529019e-05,1.258375270651868e-08,9.418154149898328e-07,8.271732440334745e-06,4.1672104998724535e-05
3163,316300.0,2.6103243827819824,3.714689228218049e-05,4.176635926000927e-09,1.175895476990263e-06,7.745329639874399e-06,4.1630239138612524e-05
3164,316400.0,2.7076995372772217,2.6259427613695152e-05,5.735558250563599e-09,7.198792673079879e-07,8.256711225840263e-06,4.158842784818262e-05
3165,316500.0,2.7730376720428467,3.24597604048904e-05,4.744134418643853e-09,1.0291323633282445e-06,6.726707852067193e-06,4.1546652937540784e-05
3166,316600.0,2.6545557975769043,3.6334873584564775e-05,9.567548531208558e-09,1.1462981319709797e-06,7.667851605219766e-06,4.150491440668702e-05
3167,316700.0,2.5939714908599854,3.0072720619500615e-05,3.154477346001272e-09,9.158168268186273e-07,7.174145594035508e-06,4.1463215893600136e-05
3168,316800.0,2.6411352157592773,3.6168203223496675e-05,3.327330411195817e-09,1.1370776746844058e-06,7.737931809970178e-06,4.142156467423774e-05
3169,316900.0,2.618223190307617,3.686260606627911e-05,4.549438159529018e-09,1.1129337735837908e-06,9.03471027413616e-06,4.137996438657865e-05
3170,317000.0,2.7404775619506836,2.164506986446213e-05,1.006643479684044e-08,5.599998189609323e-07,7.635007932549343e-06,4.133839684072882e-05
3171,317100.0,2.7557480335235596,3.638056659838185e-05,7.200518847838566e-09,1.170185896626208e-06,7.118720532162115e-06,4.129686931264587e-05
3172,317200.0,2.597351551055908,4.085182445123792e-05,5.589702034569655e-09,1.3697707572646323e-06,6.601969289476983e-06,4.1255381802329794e-05
3173,317300.0,2.5977118015289307,3.271183231845498e-05,1.833892149250005e-08,9.90931766864378e-07,7.920200914668385e-06,4.1213937947759405e-05
3174,317400.0,2.5910532474517822,3.2123367418535054e-05,4.180486623539537e-09,9.370841098643723e-07,8.692083611094858e-06,4.117254866287112e-05
3175,317500.0,2.656707763671875,3.829151319223456e-05,1.152706285978411e-08,1.1778324733313639e-06,8.834173058858141e-06,4.113118484383449e-05
3176,317600.0,2.7333526611328125,4.1091738239629194e-05,2.8246993633018747e-09,1.3589154832516215e-06,7.116028427844867e-06,4.108986468054354e-05
3177,317700.0,2.9645678997039795,4.0773709770292044e-05,1.4445814322527895e-08,1.3285365412230021e-06,7.545849257439841e-06,4.104858817299828e-05
3178,317800.0,2.6942062377929688,4.171588079771027e-05,7.459228790196448e-09,1.3754190604231553e-06,7.322943929466419e-06,4.100734804524109e-05
3179,317900.0,2.7462708950042725,3.7934976717224345e-05,2.7323508788867912e-08,1.2203402093291515e-06,7.399145943054464e-06,4.096616612514481e-05
3180,318000.0,2.634446144104004,3.9044814911903813e-05,5.674872127769959e-09,1.2529587820608867e-06,7.715170795563608e-06,4.0925016946857795e-05
3181,318100.0,2.867039203643799,2.7109314032713883e-05,5.598636221293418e-09,7.984340300026815e-07,7.142863978515379e-06,4.0883900510380045e-05
3182,318200.0,2.5865089893341064,3.0193015845725313e-05,9.765370734271528e-09,9.119468700191646e-07,7.384578566416167e-06,4.084282772964798e-05
3183,318300.0,2.6002886295318604,2.9869490390410647e-05,1.135444538391539e-08,9.134711831393361e-07,7.021356395853218e-06,4.08017986046616e-05
3184,318400.0,2.652672290802002,3.090237805736251e-05,1.6273772329711278e-09,9.301276691076055e-07,7.647561687917914e-06,4.0760824049357325e-05
3185,318500.0,2.7935543060302734,3.264703263994306e-05,7.454432626730068e-09,9.870371968645486e-07,7.96364838606678e-06,4.07198749599047e-05
3186,318600.0,2.7529420852661133,3.191417999914847e-05,2.8586923939144526e-09,9.697674840936088e-07,7.667134013900068e-06,4.067896952619776e-05
3187,318700.0,2.7109358310699463,6.146372470539063e-05,1.2864088461128631e-08,2.129874474121607e-06,8.2039950939361e-06,4.063810047227889e-05
3188,318800.0,2.7393009662628174,3.821867358055897e-05,6.8786882856386455e-09,1.2569237242132658e-06,6.788700829929439e-06,4.0597282350063324e-05
3189,318900.0,2.7508392333984375,2.542666879890021e-05,3.788030333851111e-09,7.016092808953545e-07,7.882648787926883e-06,4.055650788359344e-05
3190,319000.0,2.6998183727264404,2.0856810806435533e-05,3.159802863805794e-09,5.513590508599009e-07,7.069674211379606e-06,4.051576252095401e-05
3191,319100.0,2.7073915004730225,4.231612183502875e-05,9.45354461379111e-09,1.3048743312538136e-06,9.68480708252173e-06,4.047506081406027e-05
3192,319200.0,2.5870373249053955,3.2007057598093525e-05,4.262735497917447e-09,9.7097495199705e-07,7.728421223873738e-06,4.0434402762912214e-05
3193,319300.0,2.5907039642333984,2.4287786800414324e-05,5.289813476139216e-09,6.206141733855475e-07,8.767144208832178e-06,4.039377745357342e-05
3194,319400.0,2.5912020206451416,3.624162127380259e-05,3.876043930262085e-09,1.1396701893318095e-06,7.745989933027886e-06,4.035321398987435e-05
3195,319500.0,2.594954490661621,3.241353260818869e-05,1.1671507316179941e-08,9.64368609857047e-07,8.292647180496715e-06,4.0312675992026925e-05
3196,319600.0,2.632662534713745,1.9092596630798653e-05,2.2365991281247943e-09,4.668486894843227e-07,7.4191411840729415e-06,4.027217801194638e-05
3197,319700.0,2.75150203704834,5.074572254670784e-05,2.337187332557278e-08,1.7442250737076392e-06,7.116725555533776e-06,4.023172004963271e-05
3198,319800.0,2.740544080734253,2.3020105800242163e-05,5.3516187037416785e-09,6.054289656276524e-07,7.879029908508528e-06,4.019130574306473e-05
3199,319900.0,2.721585512161255,3.214114622096531e-05,1.5303594835813783e-08,9.735158528201282e-07,7.787944923620671e-06,4.015094236820005e-05
3200,320000.0,2.884807586669922,3.169089541188441e-05,8.087651437449495e-09,9.392046536049747e-07,8.20269178802846e-06,4.0110604459187016e-05
3201,320100.0,2.752763509750366,3.340289549669251e-05,4.057381097766211e-09,1.0016216265285038e-06,8.35829723655479e-06,4.0070313843898475e-05
3202,320200.0,2.8627285957336426,4.631418050848879e-05,8.653188388052513e-09,1.5861429574215435e-06,6.651951480307616e-06,4.00300559704192e-05
3203,320300.0,2.7728843688964844,3.0511902878060937e-05,1.8703232296246597e-09,8.98073608368577e-07,8.05819308880018e-06,3.9989845390664414e-05
3204,320400.0,2.8368661403656006,3.181217471137643e-05,3.012099014654268e-09,9.499728435002908e-07,8.059841093199793e-06,3.994968210463412e-05
3205,320500.0,2.9224741458892822,3.8255355320870876e-05,2.2489587081508944e-08,1.2639223996302462e-06,6.634802048210986e-06,3.990955156041309e-05
3206,320600.0,2.6144487857818604,2.3866381525294855e-05,1.0401012495719897e-08,6.565490480170411e-07,7.442254172929097e-06,3.986946103395894e-05
3207,320700.0,2.60396671295166,3.3405576687073335e-05,2.2081496631187747e-09,1.0290956424796605e-06,7.675977030885406e-06,3.9829403249314055e-05
3208,320800.0,2.5933094024658203,2.129317363142036e-05,4.096854855362153e-09,5.539458243219997e-07,7.440430636052042e-06,3.978939275839366e-05
3209,320900.0,2.5958802700042725,3.1523832149105147e-05,6.996079271459621e-09,9.196147061629745e-07,8.526470082870219e-06,3.974942956119776e-05
3210,321000.0,2.5998668670654297,3.300167736597359e-05,3.573940476897519e-09,1.0398242693554494e-06,7.002498932706658e-06,3.970949910581112e-05
3211,321100.0,2.72358775138855,3.7848538340767846e-05,1.5717732892994718e-08,1.1973691016464727e-06,7.898594049038365e-06,3.9669612306170166e-05
3212,321200.0,2.596627712249756,2.9116568839526735e-05,4.400347641819735e-09,8.436365988018224e-07,8.021254870982375e-06,3.9629758248338476e-05
3213,321300.0,2.5913264751434326,4.08745399909094e-05,2.2183265002695407e-08,1.3502728961611865e-06,7.095531145751011e-06,3.958994784625247e-05
3214,321400.0,2.5915307998657227,3.0052271540625952e-05,4.378747586741838e-09,9.137796155300748e-07,7.2034026743494906e-06,3.9550188375869766e-05
3215,321500.0,2.588946580886841,2.208888872701209e-05,3.8082941244965696e-09,5.781471372756641e-07,7.631400876562111e-06,3.951045800931752e-05
3216,321600.0,2.591832399368286,4.044699016958475e-05,1.0889583457185381e-08,1.3376993592828512e-06,6.993619081185898e-06,3.947076038457453e-05
3217,321700.0,2.617321014404297,2.320119529031217e-05,4.5214796351444875e-09,6.388268047885504e-07,7.226002708193846e-06,3.943111369153485e-05
3218,321800.0,2.732760190963745,4.43250683019869e-05,5.5604516546736704e-09,1.4675915736006573e-06,7.629720130353235e-06,3.939149610232562e-05
3219,321900.0,2.7707104682922363,1.973031430679839e-05,1.016728701230818e-09,4.6370351469704474e-07,8.136708856909536e-06,3.93519367207773e-05
3220,322000.0,2.8191475868225098,4.2311829020036384e-05,2.5471253994879817e-09,1.3301131502885255e-06,9.056453563971445e-06,3.9312406443059444e-05
3221,322100.0,2.924654006958008,2.7614491045824252e-05,7.458865525222791e-09,8.438596523774322e-07,6.510539606097154e-06,3.927291254512966e-05
3222,322200.0,2.6946115493774414,3.223798194085248e-05,2.3772884105710546e-08,9.771965778782032e-07,7.784294211887754e-06,3.923345866496675e-05
3223,322300.0,2.6371121406555176,2.9036942578386515e-05,6.122061524393985e-09,8.990768378680514e-07,6.553898401762126e-06,3.9194044802570716e-05
3224,322400.0,2.6159703731536865,3.1676681828685105e-05,3.952874028101405e-09,9.78105731519463e-07,7.2200850809167605e-06,3.915468550985679e-05
3225,322500.0,2.6081275939941406,4.0648141293786466e-05,1.0367835479030418e-08,1.2927259831485571e-06,8.3196227933513e-06,3.911534804501571e-05
3226,322600.0,2.5940356254577637,2.7978057914879173e-05,7.499332710381168e-09,8.726295845917775e-07,6.154818038339727e-06,3.907605423592031e-05
3227,322700.0,2.5947279930114746,3.1126186513574794e-05,3.623418232123754e-09,9.436159302822489e-07,7.5321636359149124e-06,3.903680044459179e-05
3228,322800.0,2.5984251499176025,3.948236917494796e-05,4.334248071558022e-09,1.288685552935931e-06,7.260896836669417e-06,3.899758667103015e-05
3229,322900.0,2.6218090057373047,3.0149736630846746e-05,1.0004006512076558e-08,9.425664302398218e-07,6.575572115252726e-06,3.8958420191193e-05
3230,323000.0,2.606886863708496,4.473307490115985e-05,2.1685591100606416e-09,1.525458515061473e-06,6.594444130314514e-06,3.891928281518631e-05
3231,323100.0,2.695685863494873,3.4658554795896634e-05,1.2331981658064706e-08,1.0971195933962008e-06,7.218232440209249e-06,3.8880181818967685e-05
3232,323200.0,2.5895485877990723,2.826474155881442e-05,8.000866635882176e-09,8.384798775296076e-07,7.294741863006493e-06,3.8841128116473556e-05
3233,323300.0,2.5945310592651367,2.329404560441617e-05,2.1706474395699615e-09,6.097227469581412e-07,8.048808012972586e-06,3.880210715578869e-05
3234,323400.0,2.747286319732666,3.398682383703999e-05,8.803281659197637e-09,1.0882355354624451e-06,6.772130745957838e-06,3.8763137126807123e-05
3235,323500.0,2.635019302368164,4.0511229599360377e-05,7.500948306926603e-09,1.3152207429811824e-06,7.623211786267348e-06,3.872419983963482e-05
3236,323600.0,2.8795034885406494,4.312216697144322e-05,4.515913865077437e-09,1.4158500789562822e-06,7.721398105786648e-06,3.868529893225059e-05
3237,323700.0,2.9757697582244873,2.0584289813996293e-05,3.4861507014483095e-09,5.463290335683268e-07,6.9225779952830635e-06,3.864643440465443e-05
3238,323800.0,2.5973057746887207,2.3906583010102622e-05,1.6084300558105724e-09,6.845850180070556e-07,6.790349743823754e-06,3.8607609894825146e-05
3239,323900.0,2.769906997680664,2.6972447813022882e-05,1.319551934386709e-08,7.375167569989571e-07,8.521335075784009e-06,3.856883631669916e-05
3240,324000.0,2.7416634559631348,3.165272937621921e-05,2.592497105879943e-09,9.635087963033584e-07,7.562417067674687e-06,3.8530091842403635e-05
3241,324100.0,2.9066388607025146,3.138315150863491e-05,8.196738399135484e-09,9.014579518407118e-07,8.838504982122686e-06,3.849138010991737e-05
3242,324200.0,2.842514753341675,3.1128525733947754e-05,2.5479962584284976e-09,9.423998221791408e-07,7.5659845606423914e-06,3.84527156711556e-05
3243,324300.0,2.599154472351074,2.3946106011862867e-05,2.2437038893485806e-09,6.11642633430165e-07,8.652797987451777e-06,3.84140876121819e-05
3244,324400.0,2.5922088623046875,2.2351618099492043e-05,2.1262529514842754e-09,6.238480523279577e-07,6.753290563210612e-06,3.8375506846932694e-05
3245,324500.0,2.5993103981018066,2.6315319701097906e-05,2.075761074138427e-08,7.725946602477052e-07,6.979695172049105e-06,3.8336955185513943e-05
3246,324600.0,2.6450693607330322,2.6540095859672874e-05,4.147885590555234e-09,7.761151437080116e-07,7.13307144906139e-06,3.829844354186207e-05
3247,324700.0,2.6979193687438965,2.5150806322926655e-05,2.3763884193783724e-09,7.493626412724552e-07,6.414363724616123e-06,3.825996464001946e-05
3248,324800.0,2.601767063140869,2.7115595003124326e-05,5.030524885540899e-09,8.042888453019259e-07,7.00334157954785e-06,3.8221533031901345e-05
3249,324900.0,2.618595838546753,3.2960004318738356e-05,7.2171366660711556e-09,1.0387803968114895e-06,6.983275397942634e-06,3.818314871750772e-05
3250,325000.0,2.7331013679504395,2.662178667378612e-05,1.975629659867195e-09,7.666375267945114e-07,7.453872512996895e-06,3.8144789868965745e-05
3251,325100.0,2.8766186237335205,4.162568802712485e-05,4.8534354313289896e-09,1.3750502603215864e-06,7.2445814112143125e-06,3.810647103819065e-05
3252,325200.0,2.6525027751922607,2.9608865588670596e-05,2.3901345347354663e-09,9.378304639540147e-07,6.16071383774397e-06,3.806818858720362e-05
3253,325300.0,2.755162239074707,3.789404945564456e-05,6.466492230572385e-09,1.225339019583771e-06,7.2541060944786295e-06,3.8029946153983474e-05
3254,325400.0,2.789120674133301,2.3892116587376222e-05,3.028143069627731e-09,6.485413450718625e-07,7.675555025343783e-06,3.799175101448782e-05
3255,325500.0,2.7582345008850098,3.6228233511792496e-05,4.3184371634197305e-09,1.1245640507695498e-06,8.10981509857811e-06,3.7953588616801426e-05
3256,325600.0,2.620731830596924,3.390920755919069e-05,1.012265116173694e-08,1.0314963674318278e-06,8.111678653222043e-06,3.79154589609243e-05
3257,325700.0,2.598644733428955,2.5972232833737507e-05,1.387617842851796e-08,7.527780780947069e-07,7.13890403858386e-06,3.787736932281405e-05
3258,325800.0,2.5915956497192383,3.0234770747483708e-05,3.849849328219079e-09,9.379805874232261e-07,6.7814066824212205e-06,3.783931606449187e-05
3259,325900.0,2.5982823371887207,3.584034857340157e-05,3.0033964204534414e-09,1.1329871085763443e-06,7.512666797993006e-06,3.7801317375851795e-05
3260,326000.0,2.5966029167175293,4.6327757445396855e-05,6.300568955452945e-09,1.5236970511978143e-06,8.229032573581208e-06,3.776334415306337e-05
3261,326100.0,2.8714420795440674,3.710194141604006e-05,1.7282393294237863e-09,1.1771247727665468e-06,7.672093488508835e-06,3.772540731006302e-05
3262,326200.0,2.8320164680480957,2.3009395590634085e-05,2.159971312920561e-09,6.267651428970566e-07,7.338106570387026e-06,3.768750320887193e-05
3263,326300.0,2.795400381088257,2.374810355831869e-05,7.166636173394636e-09,6.860421422061336e-07,6.589883469132474e-06,3.764964276342653e-05
3264,326400.0,2.908656358718872,3.44383115589153e-05,6.283054077016459e-09,1.053642790793674e-06,8.090961273410358e-06,3.761183688766323e-05
3265,326500.0,2.804989814758301,2.789221798593644e-05,8.285621966308554e-09,8.203664947359357e-07,7.374771030299598e-06,3.757404920179397e-05
3266,326600.0,2.7568984031677246,5.774597229901701e-05,5.566243910237745e-09,1.9832477846648544e-06,8.1592106653261e-06,3.753630517167039e-05
3267,326700.0,2.8669607639312744,2.8791435397579335e-05,9.44859745999338e-09,8.172538059625367e-07,8.350642019649968e-06,3.7498597521334887e-05
3268,326800.0,2.891986846923828,2.5898792955558747e-05,5.24149932346063e-08,7.065744398460083e-07,8.18201806396246e-06,3.746092988876626e-05
3269,326900.0,2.8755548000335693,3.2341049518436193e-05,5.449741546925679e-09,9.608680784367607e-07,8.313896614708938e-06,3.7423305911943316e-05
3270,327000.0,2.690742254257202,4.088533387403004e-05,1.3068110149561107e-08,1.3501698958862107e-06,7.118018856999697e-06,3.7385707400972024e-05
3271,327100.0,2.881664276123047,2.1651520000887103e-05,1.431417295805204e-08,5.240590894572961e-07,8.535727829439566e-06,3.7348152545746416e-05
3272,327200.0,2.6952617168426514,2.1551795725827105e-05,3.011077831516218e-09,5.644566840601328e-07,7.437368822138524e-06,3.731063043233007e-05
3273,327300.0,3.0113096237182617,2.1120546080055647e-05,2.542756227796872e-09,5.411876031757856e-07,7.588312200823566e-06,3.727315197465941e-05
3274,327400.0,2.6626243591308594,2.8238908271305263e-05,1.2979122221423722e-09,8.251923304669617e-07,7.607802217535209e-06,3.723571717273444e-05
3275,327500.0,2.7482829093933105,3.122655471088365e-05,9.755466656713452e-09,9.077236882149009e-07,8.523706128471531e-06,3.719831147463992e-05
3276,327600.0,2.7594857215881348,1.9850176613545045e-05,1.2660541948150694e-08,5.095948836242314e-07,7.097643901943229e-06,3.7160942156333476e-05
3277,327700.0,2.8327341079711914,3.0184013667167164e-05,9.296571512606988e-09,9.13719929940271e-07,7.331717824854422e-06,3.712361285579391e-05
3278,327800.0,2.8712048530578613,2.533085353206843e-05,2.552606570560556e-09,6.920491273376683e-07,8.027072908589616e-06,3.7086316297063604e-05
3279,327900.0,2.8463144302368164,2.2511983843287453e-05,3.1722087179275604e-09,6.294049512689526e-07,6.773686436645221e-06,3.70490706700366e-05
3280,328000.0,2.6939539909362793,2.8805245165131055e-05,1.6816308345823927e-09,8.182375950127607e-07,8.347624316229485e-06,3.701185414684005e-05
3281,328100.0,2.6929967403411865,2.6683004762162454e-05,1.043645792009329e-08,8.058165121838101e-07,6.527154255309142e-06,3.6974674003431574e-05
3282,328200.0,2.59208345413208,3.146180824842304e-05,4.583834201099535e-09,9.81430389401794e-07,6.921463864273392e-06,3.693752660183236e-05
3283,328300.0,2.797959089279175,2.96841226372635e-05,4.138353215665802e-09,9.074705644707137e-07,6.993221177253872e-06,3.6900419218000025e-05
3284,328400.0,2.7864818572998047,2.0596629838109948e-05,5.05916375459492e-09,5.265214326755085e-07,7.428535354847554e-06,3.686336276587099e-05
3285,328500.0,2.7603936195373535,2.3847127522458322e-05,1.3528776987570268e-09,6.428881533793174e-07,7.773569450364448e-06,3.6826328141614795e-05
3286,328600.0,2.8146960735321045,2.8710634069284424e-05,7.838747428934312e-09,7.976495908224024e-07,8.761557182879187e-06,3.678933353512548e-05
3287,328700.0,2.757617235183716,3.0493250960716978e-05,4.046022183956666e-09,9.57120619204943e-07,6.56118982078624e-06,3.675237167044543e-05
3288,328800.0,2.7170932292938232,2.4901226424844936e-05,4.758792915282584e-09,7.236229748741607e-07,6.805894372519106e-06,3.671545346151106e-05
3289,328900.0,2.589749336242676,2.916341327363625e-05,1.3678422838836468e-09,9.148740218734019e-07,6.290193596214522e-06,3.667857890832238e-05
3290,329000.0,2.720444679260254,3.0186911317287013e-05,7.223562636937686e-09,9.059844501280168e-07,7.530077709816396e-06,3.6641733458964154e-05
3291,329100.0,2.9001994132995605,2.3770087864249945e-05,4.019249821851645e-09,6.967572403482336e-07,6.347137059492525e-06,3.6604924389394e-05
3292,329200.0,2.7862887382507324,2.3130549379857257e-05,4.456114588435867e-09,6.407556156773353e-07,7.107203600753564e-06,3.656815169961192e-05
3293,329300.0,2.6122846603393555,2.309768387931399e-05,1.339591992888245e-08,6.0351300135153e-07,7.996462954906747e-06,3.6531415389617905e-05
3294,329400.0,2.754251718521118,4.026652823085897e-05,3.619922495090577e-08,1.3394317193160532e-06,6.744535767211346e-06,3.6494726373348385e-05
3295,329500.0,2.61738657951355,3.1270290492102504e-05,6.279802011732727e-09,9.409729386788968e-07,7.739688953734003e-06,3.645806646090932e-05
3296,329600.0,2.5964760780334473,2.9509021260309964e-05,4.524163710328821e-09,8.923043424147181e-07,7.196888418548042e-06,3.642143929027952e-05
3297,329700.0,2.674609422683716,2.7035235689254478e-05,1.3652492469873323e-09,7.239293040584016e-07,8.93563628778793e-06,3.63848521374166e-05
3298,329800.0,2.6141602993011475,2.9394910598057322e-05,7.531014922790291e-09,8.811161933408584e-07,7.35947469365783e-06,3.634830136434175e-05
3299,329900.0,2.713881254196167,3.0215851438697428e-05,4.942352305192799e-09,9.453270308767969e-07,6.577733074664138e-06,3.6311794247012585e-05
3300,330000.0,2.6704869270324707,2.7386500732973218e-05,5.6756874755592435e-09,8.168842668965226e-07,6.958719495742116e-06,3.627531623351388e-05
3301,330100.0,2.82635760307312,3.088028097408824e-05,4.35715064028841e-09,9.65699541666254e-07,6.733436293870909e-06,3.623887459980324e-05
3302,330200.0,2.713771343231201,2.4122276954585686e-05,5.967958571773124e-09,7.136713406907802e-07,6.27452618573443e-06,3.620246934588067e-05
3303,330300.0,2.594559669494629,2.411351124465e-05,5.145713188881018e-09,6.597113610951055e-07,7.615581580466824e-06,3.6166104109724984e-05
3304,330400.0,2.728989362716675,2.2927701138542034e-05,7.197943130421436e-09,6.124512879068789e-07,7.609221029269975e-06,3.612978252931498e-05
3305,330500.0,2.89646577835083,2.7699967176886275e-05,2.5459236940861274e-09,8.558479294151766e-07,6.301222583715571e-06,3.6093486414756626e-05
3306,330600.0,2.9146273136138916,3.2499323424417526e-05,2.913743246679701e-09,1.0154818710361724e-06,7.109363195922924e-06,3.605722667998634e-05
3307,330700.0,2.8716835975646973,2.1093617760925554e-05,2.056493864088793e-09,5.418572186499659e-07,7.545129847130738e-06,3.602100332500413e-05
3308,330800.0,2.728079080581665,2.581260741862934e-05,2.985532265853408e-09,7.532078711847134e-07,6.979426416364731e-06,3.598481634980999e-05
3309,330900.0,2.5971519947052,2.5135164833045565e-05,1.2479612010452001e-08,7.133357939892448e-07,7.289290351764066e-06,3.594868030631915e-05
3310,331000.0,2.6105058193206787,2.302618850080762e-05,4.2661638666174895e-09,6.445137614718988e-07,6.909077455929946e-06,3.591256245272234e-05
3311,331100.0,2.9883596897125244,2.9215350878075697e-05,2.694066747466195e-09,8.861343303578906e-07,7.05929824107443e-06,3.587648825487122e-05
3312,331200.0,2.867722749710083,2.7109845177619718e-05,2.071729232611119e-09,8.250074188254075e-07,6.482586286438163e-06,3.584045043680817e-05
3313,331300.0,2.7904062271118164,2.102847611240577e-05,1.0382707138489877e-08,5.056641043665877e-07,8.376490768569056e-06,3.5804441722575575e-05
3314,331400.0,2.78052020072937,3.467425631242804e-05,1.2855331021910388e-08,1.1042799314964213e-06,7.054401976347435e-06,3.576848394004628e-05
3315,331500.0,2.8973300457000732,2.07056164072128e-05,4.6650541207782226e-09,4.728144062937645e-07,8.880591849447228e-06,3.5732551623368636e-05
3316,331600.0,3.015082836151123,3.351859049871564e-05,6.153598963720697e-09,1.0450432910147356e-06,7.386356173810782e-06,3.5696652048500255e-05
3317,331700.0,2.6744179725646973,2.555476748966612e-05,2.542758670287526e-09,7.486944468837464e-07,6.834863597759977e-06,3.566079249139875e-05
3318,331800.0,2.597454071044922,3.5477267374517396e-05,3.6117213664255132e-09,1.142711653301376e-06,6.905865575390635e-06,3.562496931408532e-05
3319,331900.0,2.7059097290039062,2.857456638594158e-05,3.3839107071997887e-09,8.587188062847417e-07,7.103214556991588e-06,3.558919343049638e-05
3320,332000.0,2.8809714317321777,1.6111955119413324e-05,6.4947847100427225e-09,3.748343431198009e-07,6.73460135658388e-06,3.555343937478028e-05
3321,332100.0,2.708861827850342,2.991865221702028e-05,3.890106903270407e-09,9.122749702328292e-07,7.107886631274596e-06,3.551772533683106e-05
3322,332200.0,2.5895538330078125,2.6692998289945535e-05,4.4565591217349265e-09,7.484033517357602e-07,7.97845859779045e-06,3.54820404027123e-05
3323,332300.0,2.5923807621002197,2.579774081823416e-05,3.6782963341863706e-09,7.449290251315688e-07,7.170837307057809e-06,3.5446395486360416e-05
3324,332400.0,2.67226243019104,2.2197920770850033e-05,1.6326064944394147e-09,6.043692337698303e-07,7.087056928867241e-06,3.5410797863733023e-05
3325,332500.0,2.8840975761413574,2.466015939717181e-05,5.7036233513940715e-09,6.649083275078738e-07,8.031748620851431e-06,3.537522570695728e-05
3326,332600.0,2.9297852516174316,2.2545658794115297e-05,2.6498514493766834e-09,6.332402335829102e-07,6.7120026869815774e-06,3.533968992996961e-05
3327,332700.0,2.792978048324585,1.9614317352534272e-05,1.3651253460977841e-08,5.185095801607531e-07,6.637925707764225e-06,3.5304183256812394e-05
3328,332800.0,2.710256338119507,3.3394542697351426e-05,1.1061835003545184e-08,1.0400267456134316e-06,7.382811872957973e-06,3.5268720239400864e-05
3329,332900.0,2.9452927112579346,2.9041251764283516e-05,3.0755724633735326e-09,8.543392482351919e-07,7.679695045226254e-06,3.523330087773502e-05
3330,333000.0,2.771589517593384,2.8279722755542025e-05,7.46932204975792e-09,8.725943985155027e-07,6.457393283199053e-06,3.5197903343942016e-05
3331,333100.0,2.986039876937866,2.0968573153368197e-05,2.900908624425824e-09,5.42689463145507e-07,7.398436537187081e-06,3.5162542189937085e-05
3332,333200.0,2.6885995864868164,2.414226037217304e-05,2.0482771034835423e-09,6.89538524056843e-07,6.9017505666124634e-06,3.512722105369903e-05
3333,333300.0,2.7424843311309814,2.8967499019927345e-05,3.229491563061515e-09,8.739343684283085e-07,7.115911557775689e-06,3.509193629724905e-05
3334,333400.0,2.7596800327301025,2.701105404412374e-05,1.6007843939291888e-09,7.868749207773362e-07,7.337579518207349e-06,3.505668792058714e-05
3335,333500.0,2.92851185798645,3.204959648428485e-05,5.426681326525795e-09,9.589007277099881e-07,8.071649062912911e-06,3.50214759237133e-05
3336,333600.0,2.7693777084350586,2.6623045414453372e-05,8.477844204435314e-09,7.937254622447654e-07,6.771430435037473e-06,3.498629303066991e-05
3337,333700.0,2.5976202487945557,1.9938035620725714e-05,2.468591553395072e-09,5.272825660540548e-07,6.753502930223476e-06,3.495114287943579e-05
3338,333800.0,2.64174747467041,2.3421745936502703e-05,1.1034846369994966e-09,6.694766057080415e-07,6.683728315692861e-06,3.491603274596855e-05
3339,333900.0,2.7148373126983643,2.451466025377158e-05,2.5993520669231884e-09,6.92816627179127e-07,7.191645181592321e-06,3.4880966268246993e-05
3340,334000.0,2.840862274169922,2.5393897885805927e-05,1.5607909631398798e-08,7.359777782767196e-07,6.978843430260895e-06,3.484592889435589e-05
3341,334100.0,3.128424644470215,3.028081300726626e-05,3.3654745656974683e-09,9.203747026731435e-07,7.26808002582402e-06,3.481092062429525e-05
3342,334200.0,2.881208896636963,2.9616665415233e-05,2.072114257956059e-09,9.304169452661881e-07,6.354170636768686e-06,3.477594873402268e-05
3343,334300.0,2.9976589679718018,2.319695704500191e-05,2.9424467307137547e-09,6.08410687163996e-07,7.98374730948126e-06,3.474101686151698e-05
3344,334400.0,3.0150609016418457,2.8127811674494296e-05,5.823620252698447e-09,8.240019155891787e-07,7.521939551224932e-06,3.4706125006778166e-05
3345,334500.0,3.0211808681488037,2.7591737307375297e-05,8.599717382651306e-09,8.090631240520452e-07,7.356557944149245e-06,3.4671258617891e-05
3346,334600.0,2.852961301803589,4.068723865202628e-05,5.764058563784147e-09,1.3765555877398583e-06,6.267584922170499e-06,3.46364286087919e-05
3347,334700.0,2.585968494415283,2.038586353592109e-05,2.504988882989778e-09,5.632431907542923e-07,6.30227896181168e-06,3.460163497948088e-05
3348,334800.0,2.7359609603881836,2.136555667675566e-05,2.209703309219435e-09,5.902936095480982e-07,6.6060056269634515e-06,3.4566874091979116e-05
3349,334900.0,2.773244857788086,1.7481155737186782e-05,6.794577345203834e-09,4.265466202468815e-07,6.810696049797116e-06,3.453215686022304e-05
3350,335000.0,2.8180551528930664,2.1597945305984467e-05,1.7109901051526322e-08,6.078842034185072e-07,6.383730124071008e-06,3.4497465094318613e-05
3351,335100.0,3.3246138095855713,1.97419631149387e-05,7.683719438489334e-09,5.39992925041588e-07,6.234457032405771e-06,3.446280970820226e-05
3352,335200.0,3.006240129470825,2.6113953936146572e-05,7.527835244047765e-09,7.065315799081873e-07,8.443137630820274e-06,3.442819070187397e-05
3353,335300.0,2.724933385848999,2.6093912310898304e-05,3.685042715417808e-09,7.763994176457345e-07,6.680242677248316e-06,3.439360443735495e-05
3354,335400.0,2.586730718612671,1.9401766621740535e-05,7.004466340276849e-09,4.901624492958945e-07,7.1406998358725104e-06,3.435906546656042e-05
3355,335500.0,2.73172926902771,3.0322646125569008e-05,2.7601552154976616e-09,9.213244425154699e-07,7.286776053661015e-06,3.432454832363874e-05
3356,335600.0,2.799856662750244,2.847990435839165e-05,7.1906964826951025e-09,8.670240845276567e-07,6.797113201173488e-06,3.429006028454751e-05
3357,335700.0,2.8556134700775146,2.0369527192087844e-05,1.7053449763437811e-09,5.161439844414417e-07,7.4642211984610185e-06,3.425561953918077e-05
3358,335800.0,2.9159626960754395,2.7188845706405118e-05,1.9139516638233545e-08,8.067269732237037e-07,7.001533049333375e-06,3.4221200621686876e-05
3359,335900.0,2.7018325328826904,2.9086384529364295e-05,2.272622090515597e-09,8.960574859884218e-07,6.68267648507026e-06,3.418683263589628e-05
3360,336000.0,2.8778436183929443,3.462435779510997e-05,2.6575810441187286e-09,1.0499772997718537e-06,8.372267075174022e-06,3.415249375393614e-05
3361,336100.0,2.9531919956207275,3.220354483346455e-05,7.744345609239645e-09,9.550519735057605e-07,8.319499102071859e-06,3.411818397580646e-05
3362,336200.0,2.6611886024475098,3.6064280720893294e-05,3.002280424269088e-09,1.1661554708553012e-06,6.907393526489614e-06,3.408390693948604e-05
3363,336300.0,2.6845855712890625,2.6504128982196562e-05,4.203353221043926e-09,7.917761877251905e-07,6.705520718242042e-06,3.40496699209325e-05
3364,336400.0,2.95143461227417,2.6392277504783124e-05,1.832085061437283e-08,7.733554525657382e-07,7.0400701588368975e-06,3.401546928216703e-05
3365,336500.0,2.7778310775756836,2.4365588615182787e-05,5.2027511188157405e-09,6.832044050497643e-07,7.280275895027444e-06,3.398130138521083e-05
3366,336600.0,2.5862507820129395,3.185510286130011e-05,2.2147055300791862e-09,9.80634467850905e-07,7.337025635933969e-06,3.394716259208508e-05
3367,336700.0,2.5858311653137207,2.5004434064612724e-05,8.169345200315092e-09,6.82736924773053e-07,7.92784157965798e-06,3.391306381672621e-05
3368,336800.0,2.5839433670043945,2.8229153031134047e-05,3.074255738866327e-09,8.292775532936503e-07,7.494140390917892e-06,3.3878994145197794e-05
3369,336900.0,2.7275614738464355,1.6776986740296707e-05,1.2660849035839306e-09,3.960795709190279e-07,6.873731308587594e-06,3.384497176739387e-05
3370,337000.0,2.9455742835998535,1.9463011994957924e-05,1.1826727153163574e-08,4.710794314632949e-07,7.674198059248738e-06,3.381097121746279e-05
3371,337100.0,2.9467058181762695,2.4281907826662064e-05,1.4598190212211648e-08,6.719695306856011e-07,7.468071544280974e-06,3.377700340934098e-05
3372,337200.0,2.7898635864257812,1.5844067092984915e-05,2.7193354235066636e-09,3.53661363305946e-07,6.999813649599673e-06,3.374307198100723e-05
3373,337300.0,2.8941428661346436,2.2864538550493307e-05,3.534595505172433e-09,6.193708941282239e-07,7.376730991381919e-06,3.3709169656503946e-05
3374,337400.0,2.9993488788604736,1.71474130183924e-05,1.4528354075338257e-09,4.165273139733472e-07,6.732776000717422e-06,3.367531826370396e-05
3375,337500.0,2.7018396854400635,2.7537729692994617e-05,1.3710181434589686e-08,8.181306725418835e-07,7.07075332684326e-06,3.364149233675562e-05
3376,337600.0,3.0269289016723633,2.588977076811716e-05,9.306380666096459e-10,7.351881663453241e-07,7.509136139560724e-06,3.360769187565893e-05
3377,337700.0,2.7858622074127197,2.6354764486313798e-05,4.000987097185771e-09,7.67281676417042e-07,7.168721367634134e-06,3.357393143232912e-05
3378,337800.0,2.5987489223480225,3.0504037567880005e-05,7.039288263399612e-09,9.025742997437192e-07,7.932639164209832e-06,3.354020736878738e-05
3379,337900.0,2.7152678966522217,1.7666288840700872e-05,2.2607788974227105e-09,4.4917575792169373e-07,6.434633178287186e-06,3.350651968503371e-05
3380,338000.0,2.9777164459228516,2.3239726942847483e-05,5.470137232066463e-09,5.921854722146236e-07,8.429620720562525e-06,3.3472861105110496e-05
3381,338100.0,2.840710401535034,2.0895051420666277e-05,4.546431675578333e-09,5.539995413528231e-07,7.040518084977521e-06,3.343923162901774e-05
3382,338200.0,2.774030923843384,2.5810839360929094e-05,9.352242535953792e-09,7.742024763501831e-07,6.446426596085075e-06,3.340564217069186e-05
3383,338300.0,2.76696515083313,2.1978399672661908e-05,5.901995336898835e-09,6.074251928112062e-07,6.786867288610665e-06,3.337208181619644e-05
3384,338400.0,2.7663071155548096,1.757947393343784e-05,6.042744971068714e-09,4.415296928073076e-07,6.535189186251955e-06,3.333856875542551e-05
3385,338500.0,2.769646167755127,2.693138776521664e-05,5.4773661162244025e-09,8.027832905099785e-07,6.85632858221652e-06,3.330507388454862e-05
3386,338600.0,2.6520023345947266,2.9695298508158885e-05,4.604320480439128e-09,8.742116506255115e-07,7.835405085643288e-06,3.32716153934598e-05
3387,338700.0,2.8249294757843018,2.1600390027742833e-05,2.276362653930164e-09,5.804857892144355e-07,7.085970082698623e-06,3.3238193282159045e-05
3388,338800.0,2.697671413421631,3.081800969084725e-05,5.503583810906321e-09,9.53246740209579e-07,6.981336809985805e-06,3.320480027468875e-05
3389,338900.0,2.783182144165039,2.0338762624305673e-05,3.792667957469575e-09,5.01523800267023e-07,7.796874342602678e-06,3.317145456094295e-05
3390,339000.0,2.9461820125579834,3.097704393439926e-05,4.7892529941861994e-09,9.345554872197681e-07,7.608370196976466e-06,3.313812703709118e-05
3391,339100.0,3.1569180488586426,2.3041315216687508e-05,1.9451447119678278e-09,6.683029027954035e-07,6.3317975218524225e-06,3.31048431689851e-05
3392,339200.0,2.807955503463745,3.780396582442336e-05,2.907898988269153e-08,1.218365468957927e-06,7.315751190617448e-06,3.3071584766730666e-05
3393,339300.0,2.8917906284332275,2.4200604457291774e-05,2.6434097133432033e-09,7.020933594503731e-07,6.645626854151487e-06,3.30383591062855e-05
3394,339400.0,2.8638601303100586,3.6571931559592485e-05,4.393317709627809e-09,1.1649036650851485e-06,7.444945367751643e-06,3.300518437754363e-05
3395,339500.0,2.8902387619018555,2.030808354902547e-05,4.974765932530545e-09,5.814588917019137e-07,5.766636604676023e-06,3.297202420071699e-05
3396,339600.0,3.0012173652648926,2.120756653312128e-05,1.057791099157157e-08,5.398371172304905e-07,7.701061804255005e-06,3.293890040367842e-05
3397,339700.0,2.635080337524414,1.7568056136951782e-05,2.424816125667917e-09,4.0436739823235257e-07,7.4564468377502635e-06,3.290580934844911e-05
3398,339800.0,2.593423366546631,1.4140022358333226e-05,3.5801803743851224e-09,2.7129269142278645e-07,7.354125500569353e-06,3.2872754673007876e-05
3399,339900.0,2.6453163623809814,1.9064389562117867e-05,8.573422527469177e-10,5.052773417446588e-07,6.4315981944673695e-06,3.283974001533352e-05
3400,340000.0,2.7923035621643066,2.9012020604568534e-05,4.437300749060569e-09,8.946848879531899e-07,6.6404636527295224e-06,3.280675082351081e-05
3401,340100.0,2.917128086090088,1.603751297807321e-05,7.485143171948039e-09,3.6083375221096503e-07,7.009183264017338e-06,3.277379437349737e-05
3402,340200.0,2.8501133918762207,1.4875781744194683e-05,2.15208455500715e-08,3.326421449401096e-07,6.5382073444197886e-06,3.274086702731438e-05
3403,340300.0,2.7931673526763916,2.174632390961051e-05,2.6777431383351313e-09,6.101711846895341e-07,6.489367478934582e-06,3.2707976060919464e-05
3404,340400.0,2.8080077171325684,1.744654764479492e-05,1.070955435444887e-09,4.1700914721332083e-07,7.020248631306458e-06,3.2675125112291425e-05
3405,340500.0,2.8121097087860107,2.897162084991578e-05,2.9794255951287596e-09,8.931886554819357e-07,6.638926151936175e-06,3.264230690547265e-05
3406,340600.0,3.04872727394104,3.501956962281838e-05,5.403487879362956e-09,1.1038666798413033e-06,7.417500455630943e-06,3.2609517802484334e-05
3407,340700.0,2.8656234741210938,2.6683119358494878e-05,3.6056080343627173e-09,7.742187335679773e-07,7.324046237044968e-06,3.2576754165347666e-05
3408,340800.0,2.874586343765259,2.5294935767306015e-05,3.7627977178544825e-08,7.411856586259091e-07,6.7276673689775635e-06,3.254402690799907e-05
3409,340900.0,2.7724411487579346,2.950184170913417e-05,1.770870383666079e-08,8.869864132066141e-07,7.309473858185811e-06,3.2511343306396157e-05
3410,341000.0,2.8665525913238525,2.8090156774851494e-05,7.174556060363102e-09,8.485159810334153e-07,6.870083325338783e-06,3.2478685170644894e-05
3411,341100.0,2.996051073074341,2.6018722564913332e-05,6.156981591232125e-09,7.477290751012333e-07,7.319338692468591e-06,3.244605613872409e-05
3412,341200.0,3.531841278076172,2.3269189114216715e-05,7.52703566142543e-10,6.98700148404896e-07,5.800931376143126e-06,3.241345984861255e-05
3413,341300.0,2.8423526287078857,3.1742303690407425e-05,1.9741419610141975e-09,1.011945869322517e-06,6.441681307478575e-06,3.2380899938289076e-05
3414,341400.0,2.8319568634033203,1.7014101103995927e-05,2.3193846843128085e-09,3.8038794514250185e-07,7.502082553401124e-06,3.2348376407753676e-05
3415,341500.0,2.839334726333618,1.7913751435116865e-05,1.6490504517463478e-09,4.0645170429343125e-07,7.750808435957879e-06,3.231588198104873e-05
3416,341600.0,2.834669589996338,2.1245223251753487e-05,2.113542052484263e-08,5.669156735166325e-07,7.051196462271037e-06,3.2283416658174247e-05
3417,341700.0,2.7103958129882812,2.9175669624237344e-05,1.2350247047265839e-08,8.473357411276083e-07,7.97992561274441e-06,3.225098771508783e-05
3418,341800.0,2.6399712562561035,2.4707258489797823e-05,2.794123155069883e-08,7.386814786514151e-07,6.212280368345091e-06,3.221858787583187e-05
3419,341900.0,2.6590492725372314,2.9262258976814337e-05,4.680211773688825e-09,8.914522027225757e-07,6.971272796363337e-06,3.218622077838518e-05
3420,342000.0,2.7403531074523926,2.4609307729406282e-05,2.7949873526722513e-09,7.074345944602101e-07,6.9206475927785505e-06,3.215389733668417e-05
3421,342100.0,3.6247901916503906,2.102942016790621e-05,2.120303266295309e-09,5.91778132275067e-07,6.23284540779423e-06,3.212159208487719e-05
3422,342200.0,2.6666741371154785,1.95177362911636e-05,2.0675074985376796e-09,5.316601345839445e-07,6.224165190360509e-06,3.2089326850837097e-05
3423,342300.0,2.6904900074005127,1.9814051483990625e-05,8.26679702470301e-09,4.944564580000588e-07,7.444371931342175e-06,3.205709072062746e-05
3424,342400.0,2.836530923843384,2.6407811674289405e-05,3.132053505439103e-09,7.894075224612607e-07,6.669491995126009e-06,3.2024883694248274e-05
3425,342500.0,2.770357847213745,1.769339905877132e-05,6.009049702271341e-09,4.7102309963520383e-07,5.9118119679624215e-06,3.199272396159358e-05
3426,342600.0,2.739741325378418,2.1856587409274653e-05,2.5299973227532746e-09,6.07701736043964e-07,6.661513907602057e-06,3.196058241883293e-05
3427,342700.0,2.8222174644470215,2.1302132154232822e-05,4.210438664387084e-09,5.297040388541063e-07,8.055319085542578e-06,3.1928477255860344e-05
3428,342800.0,2.609276294708252,2.659091114765033e-05,4.768169858948568e-09,7.372163963736966e-07,8.155733667081222e-06,3.1896401196718216e-05
3429,342900.0,2.5920052528381348,1.2738257282762788e-05,9.318283922254977e-09,2.597641071133694e-07,6.234835382201709e-06,3.186435787938535e-05
3430,343000.0,2.6652379035949707,3.211234070477076e-05,9.026937419776004e-09,9.737910886542522e-07,7.758536412438843e-06,3.1832358217798173e-05
3431,343100.0,2.8833115100860596,1.6966339899227023e-05,1.584452569147743e-08,4.309663665935659e-07,6.176336228236323e-06,3.180038038408384e-05
3432,343200.0,2.715792417526245,1.9626811990747228e-05,1.0672954964263681e-08,5.092120431982039e-07,6.8858371378155425e-06,3.1768435292178765e-05
3433,343300.0,2.819688320159912,2.1338284568628296e-05,3.2336553434930693e-09,6.018252065587149e-07,6.2894214352127165e-06,3.173651566612534e-05
3434,343400.0,2.897592782974243,2.8961272619199008e-05,3.1274816070236966e-09,8.87704800334177e-07,6.765525995433563e-06,3.17046360578388e-05
3435,343500.0,2.844980239868164,2.8826041670981795e-05,2.0481580875753025e-09,8.865088148013456e-07,6.66127425574814e-06,3.1672792829340324e-05
3436,343600.0,2.7665014266967773,2.0021952877868898e-05,1.1907133057320607e-09,5.508846925295074e-07,6.248643785511376e-06,3.16409750666935e-05
3437,343700.0,2.8109748363494873,1.5986292055458762e-05,1.4360295175208648e-09,3.6857869645245955e-07,6.770390427845996e-06,3.1609193683834746e-05
3438,343800.0,2.769821882247925,2.2342774173012003e-05,8.013437025056191e-09,6.021973604219966e-07,7.27982751413947e-06,3.157744140480645e-05
3439,343900.0,2.815608024597168,2.471092011546716e-05,7.1164998338701935e-09,6.765534408259555e-07,7.789968549332116e-06,3.15457145916298e-05
3440,344000.0,2.7666478157043457,1.8452356016496196e-05,3.62348973048654e-09,4.658434988868976e-07,6.802645202697022e-06,3.151403507217765e-05
3441,344100.0,2.9534425735473633,2.6743015041574836e-05,4.504239203839688e-09,8.236248731918749e-07,6.147889962448971e-06,3.1482377380598336e-05
3442,344200.0,2.850374698638916,2.3572418285766616e-05,3.600852505059038e-09,6.877602345412015e-07,6.374811164278071e-06,3.1450745154870674e-05
3443,344300.0,2.6845786571502686,2.373970164626371e-05,1.7457365331097208e-08,6.683891342618153e-07,7.0125174715940375e-06,3.141915294690989e-05
3444,344400.0,2.5919923782348633,2.1495863620657474e-05,1.6030519134346832e-09,6.027169661138032e-07,6.426336312870262e-06,3.138758984277956e-05
3445,344500.0,2.6085269451141357,1.6004505596356466e-05,1.8256352873891046e-08,3.727400041952933e-07,6.667748039035359e-06,3.135607039439492e-05
3446,344600.0,2.58968448638916,2.013110861298628e-05,1.1840518565620073e-09,5.28872703853267e-07,6.908107479830505e-06,3.132456913590431e-05
3447,344700.0,2.595487117767334,2.3651837182114832e-05,2.2944524058488014e-09,7.031865720819042e-07,6.0698775996570475e-06,3.129310061922297e-05
3448,344800.0,2.651780366897583,2.3338967366726138e-05,1.9741688284113934e-09,6.483592756012513e-07,7.1280110205407254e-06,3.126166484435089e-05
3449,344900.0,2.609316110610962,1.6580044757574797e-05,3.127995640284098e-08,3.8193596196833823e-07,7.000366167631e-06,3.1230258173309267e-05
3450,345000.0,2.623098134994507,1.6068977856775746e-05,4.468017067438268e-09,3.9129145079641603e-07,6.282222784648184e-06,3.119889515801333e-05
3451,345100.0,2.734342575073242,1.5672021618229337e-05,1.7362519200148085e-09,3.69392211041486e-07,6.435478553612484e-06,3.116755033261143e-05
3452,345200.0,2.6292014122009277,2.6568448447505943e-05,2.8029663035056274e-09,8.149397672241321e-07,6.1921500673634e-06,3.113623824901879e-05
3453,345300.0,2.638960361480713,1.8979153537657112e-05,1.8978858484786088e-09,5.022245659347391e-07,6.421642410714412e-06,3.110496254521422e-05
3454,345400.0,2.770484447479248,1.8789132809615694e-05,1.0340560629984452e-09,4.7266829028558277e-07,6.971391940169269e-06,3.107371594524011e-05
3455,345500.0,2.7498600482940674,3.641512375907041e-05,2.940781174132212e-09,1.1731611948562204e-06,7.083153832354583e-06,3.104250936303288e-05
3456,345600.0,2.7191102504730225,2.6117157176486216e-05,7.953192771026352e-09,7.822613952157553e-07,6.552668764925329e-06,3.101132097071968e-05
3457,345700.0,2.7597763538360596,2.0766217858181335e-05,5.78673642337435e-09,5.889861540708807e-07,6.035777914803475e-06,3.0980168958194554e-05
3458,345800.0,2.8242199420928955,1.8882126823882572e-05,6.78060940728642e-10,4.2584090920172457e-07,8.235424502345268e-06,3.0949046049499884e-05
3459,345900.0,2.6872894763946533,2.8946249585715123e-05,4.345073190137327e-09,8.917199352254102e-07,6.648906946793431e-06,3.091795588261448e-05
3460,346000.0,2.5823793411254883,2.3363374566542916e-05,4.41582415078301e-09,6.84829501551576e-07,6.238220066734357e-06,3.0886902095517144e-05
3461,346100.0,2.7010836601257324,1.9154740584781393e-05,1.994473031174948e-09,4.921782306155364e-07,6.848292287031654e-06,3.0855877412250265e-05
3462,346200.0,2.605043649673462,2.1845575247425586e-05,3.0373328741006844e-08,5.922311174799688e-07,7.009423825365957e-06,3.082487819483504e-05
3463,346300.0,2.7833051681518555,1.9989935026387684e-05,9.233320774626463e-09,5.575844852501177e-07,6.041088909114478e-06,3.079391171922907e-05
3464,346400.0,2.8664872646331787,1.7824568203650415e-05,4.034334200042622e-09,4.4838091639576305e-07,6.611010121559957e-06,3.076297798543237e-05
3465,346500.0,2.8657240867614746,1.935105501615908e-05,2.038293311912298e-09,5.191069476495613e-07,6.37134280623286e-06,3.073208063142374e-05
3466,346600.0,2.79998779296875,1.7155820387415588e-05,2.5717954432735723e-09,3.7676932151953224e-07,7.734016435279045e-06,3.070120874326676e-05
3467,346700.0,2.719740390777588,1.8074451872962527e-05,1.6501380262212706e-09,4.330636045324354e-07,7.24621122571989e-06,3.067036595894024e-05
3468,346800.0,2.590834379196167,1.4881886272632983e-05,1.9993404709595097e-09,3.4497242040743004e-07,6.2555764088756405e-06,3.063955591642298e-05
3469,346900.0,2.5933597087860107,2.3619828425580636e-05,7.85012588266909e-09,6.976923145884939e-07,6.169669177324977e-06,3.0608774977736175e-05
3470,347000.0,2.590946912765503,2.132867848558817e-05,5.6262039471732805e-09,5.808391847494931e-07,6.802072221034905e-06,3.057803769479506e-05
3471,347100.0,2.8448305130004883,1.8855211237678304e-05,2.1479074074903792e-09,5.035497565586411e-07,6.2643198361911345e-06,3.0547318601747975e-05
3472,347200.0,2.7090985774993896,2.082196624542121e-05,3.605307163923044e-09,5.46015314739634e-07,7.167977400968084e-06,3.0516630431520753e-05
3473,347300.0,2.6084556579589844,1.7451500752940774e-05,1.186677089926036e-09,4.2592185423018236e-07,6.802267307648435e-06,3.0485975003102794e-05
3474,347400.0,2.660743474960327,1.99853784579318e-05,3.5284752897268845e-09,5.652063350680692e-07,5.8516920944384765e-06,3.045534685952589e-05
3475,347500.0,2.94132137298584,1.6877002053661272e-05,3.131896741948026e-09,4.133506763537298e-07,6.540101821883582e-06,3.042476237169467e-05
3476,347600.0,2.6259427070617676,2.0345925804576837e-05,6.39977582039819e-09,5.736275738854602e-07,5.998837423248915e-06,3.0394197892746888e-05
3477,347700.0,2.6085329055786133,3.081043541897088e-05,1.5818434562220318e-08,8.790890433374443e-07,8.817389243631624e-06,3.0363664336618967e-05
3478,347800.0,2.5979228019714355,2.970872083096765e-05,4.2505829966899e-09,9.264255140806199e-07,6.543832569150254e-06,3.033316352230031e-05
3479,347900.0,2.5844502449035645,2.4848910470609553e-05,6.76879130523389e-09,6.981110800552415e-07,7.389364782284247e-06,3.0302689992822707e-05
3480,348000.0,2.68365740776062,2.1441086573759094e-05,3.263288750332549e-09,6.029383712302661e-07,6.3643647081335075e-06,3.027225648111198e-05
3481,348100.0,2.7228193283081055,3.372575156390667e-05,9.390707766954165e-09,1.0986506140397978e-06,6.250095339055406e-06,3.0241844797274098e-05
3482,348200.0,2.5910794734954834,2.190506347687915e-05,3.712806506683819e-09,6.068510742807121e-07,6.730073891958455e-06,3.0211464036256075e-05
3483,348300.0,2.595529794692993,3.107625889242627e-05,2.294711087813539e-09,1.027043708745623e-06,5.39787197340047e-06,3.018111237906851e-05
3484,348400.0,2.5923852920532227,1.7456190107623115e-05,1.0071798950406219e-09,4.315677131216944e-07,6.66598862153478e-06,3.0150797101669014e-05
3485,348500.0,2.5993528366088867,1.8306547644897364e-05,4.604643777383899e-09,3.652340012649802e-07,9.17109446163522e-06,3.0120516385068186e-05
3486,348600.0,2.605762004852295,1.813771450542845e-05,1.387021053567139e-09,4.5823719574400457e-07,6.680396836600266e-06,3.00902574963402e-05
3487,348700.0,2.6818273067474365,1.9238173990743235e-05,4.464087410838147e-08,4.840499627789541e-07,7.0922833401709795e-06,3.0060027711442672e-05
3488,348800.0,2.7697184085845947,2.6661316951503977e-05,3.280876903488661e-09,7.98961082182359e-07,6.684006621071603e-06,3.0029828849365003e-05
3489,348900.0,2.6329634189605713,1.4541466043738183e-05,1.2725508424793475e-09,3.131912080789334e-07,6.710414254484931e-06,2.9999660910107195e-05
3490,349000.0,2.6742985248565674,1.6662152120261453e-05,7.83424969341695e-09,4.2153155277446785e-07,6.116028089309111e-06,2.9969532988616265e-05
3491,349100.0,2.698983669281006,2.284317451994866e-05,5.641731970484898e-09,6.40653240679967e-07,6.821200258855242e-06,2.9939425076008774e-05
3492,349200.0,2.6030352115631104,1.8715960322879255e-05,4.4707850754832634e-09,4.763156198350771e-07,6.803598807891831e-06,2.990935172419995e-05
3493,349300.0,2.593733072280884,1.4522077435685787e-05,1.7463824830699082e-09,3.0995420274848584e-07,6.771476364519913e-06,2.987930565723218e-05
3494,349400.0,2.596236228942871,2.718451105465647e-05,2.958910449990526e-09,8.312288741763041e-07,6.400828624464339e-06,2.9849286875105463e-05
3495,349500.0,2.662865161895752,1.4269880921347067e-05,2.2478268135728285e-09,2.894141459819366e-07,7.032278517726809e-06,2.981931174872443e-05
3496,349600.0,2.5914692878723145,3.112230115220882e-05,1.727109122384718e-09,9.912699852065998e-07,6.338822458928917e-06,2.9789354812237434e-05
3497,349700.0,2.5970592498779297,2.127338848367799e-05,1.351294187657004e-09,5.701231771126913e-07,7.018957148829941e-06,2.9759426979580894e-05
3498,349800.0,2.5879907608032227,2.0573914298438467e-05,1.5678766729365634e-08,5.597598828899208e-07,6.564238901773933e-06,2.9729530069744214e-05
3499,349900.0,2.6020445823669434,1.6070855053840205e-05,3.923261271410183e-09,3.4411979754622735e-07,7.4639369813667145e-06,2.96996659017168e-05
3500,350000.0,2.591308355331421,1.7137226677732542e-05,2.5736843767276696e-09,4.428861188898736e-07,6.0624997786362655e-06,2.9669839932466857e-05
3501,350100.0,2.7041051387786865,2.2378540961653925e-05,5.68479174845038e-09,6.011316031617753e-07,7.3445662565063685e-06,2.9640033972100355e-05
3502,350200.0,2.5879335403442383,1.6724270608392544e-05,1.0130681848963263e-09,3.694451891078643e-07,7.487128186767222e-06,2.961025711556431e-05
3503,350300.0,2.601670980453491,1.838836215029005e-05,8.943652929360724e-09,4.750593518565438e-07,6.502934411400929e-06,2.958050936285872e-05
3504,350400.0,2.681804895401001,1.6615682397969067e-05,7.374555632821966e-09,4.21666868533066e-07,6.066635251045227e-06,2.9550794351962395e-05
3505,350500.0,2.9067094326019287,2.0110437617404386e-05,4.462674230154562e-09,5.777722549282771e-07,5.661669092660304e-06,2.952111572085414e-05
3506,350600.0,2.8550703525543213,1.6691557902959175e-05,4.156559096912815e-09,4.022421364879847e-07,6.631347787333652e-06,2.949145891761873e-05
3507,350700.0,2.8624422550201416,1.682020774751436e-05,1.5655612362053262e-09,4.009717713415739e-07,6.794346973038046e-06,2.946183485619258e-05
3508,350800.0,2.7357795238494873,3.066996214329265e-05,4.6899484296147875e-09,9.768721156433458e-07,6.243471034395043e-06,2.9432238079607487e-05
3509,350900.0,2.8129119873046875,1.8784978237817995e-05,3.5908749307367316e-09,4.997842211196257e-07,6.286782081588171e-06,2.9402668587863445e-05
3510,351000.0,2.8491146564483643,1.3364812730287667e-05,1.3683842947642688e-09,2.673501455774385e-07,6.679690159216989e-06,2.937314275186509e-05
3511,351100.0,2.8218719959259033,2.0788023903151043e-05,1.3985977709296549e-08,5.965765126347833e-07,5.85962470722734e-06,2.9343633286771365e-05
3512,351200.0,2.6188039779663086,2.6361914933659136e-05,8.407667451137968e-09,7.541671607214084e-07,7.499328603444155e-06,2.9314156563486904e-05
3513,351300.0,2.5958664417266846,1.4730678230989724e-05,8.929020856029979e-10,2.9129500944691245e-07,7.447410553140799e-06,2.9284705306054093e-05
3514,351400.0,2.593580484390259,2.306599162693601e-05,3.687061322921181e-08,6.353931212288444e-07,7.1442923399445135e-06,2.9255284971441142e-05
3515,351500.0,2.6406378746032715,1.647399039939046e-05,1.358636225745613e-08,4.2286933421564754e-07,5.888670784770511e-06,2.9225908292573877e-05
3516,351600.0,2.5887866020202637,2.3067497750162147e-05,3.0221909419481108e-09,6.795555691496702e-07,6.075586043152725e-06,2.919654616562184e-05
3517,351700.0,2.5855047702789307,1.3390168533078395e-05,1.7647729944059165e-09,2.6503445837988693e-07,6.762542852811748e-06,2.9167214961489663e-05
3518,351800.0,2.5943007469177246,1.8476097466191277e-05,9.706322412483814e-10,4.5793177605446544e-07,7.0268324634525925e-06,2.913791649916675e-05
3519,351900.0,2.764417886734009,1.0531698535487521e-05,3.932965952913037e-09,1.270824157018069e-07,7.350705345743336e-06,2.9108643502695486e-05
3520,352000.0,2.9444940090179443,1.7589336493983865e-05,1.796406801091166e-09,4.1900338487721456e-07,7.112455932656303e-06,2.9079408705001697e-05
3521,352100.0,2.8082592487335205,2.8079452022211626e-05,1.6839935002010975e-09,8.367828172595182e-07,7.158198059187271e-06,2.9050197554170154e-05
3522,352200.0,2.5924723148345947,2.5774803361855447e-05,2.7293340920664377e-09,7.919414883872378e-07,5.973538463877048e-06,2.902101186919026e-05
3523,352300.0,2.943335771560669,2.1926272893324494e-05,2.363952589234941e-09,6.094879267948272e-07,6.686709184577921e-06,2.899185892601963e-05
3524,352400.0,2.749272584915161,2.0938137822668068e-05,2.660680564758877e-09,5.668902076649829e-07,6.763221790606622e-06,2.8962736905668862e-05
3525,352500.0,2.781062364578247,1.9567909475881606e-05,3.1781004494746412e-09,4.943408953295148e-07,7.206209829746513e-06,2.8933647627127357e-05
3526,352600.0,2.8198416233062744,1.5245749636960682e-05,2.536734822200515e-09,3.653777014278603e-07,6.108770321588963e-06,2.8904580176458694e-05
3527,352700.0,2.757957935333252,1.6642132322886027e-05,1.1129784871499737e-09,3.737424663086131e-07,7.297457614185987e-06,2.887554364860989e-05
3528,352800.0,2.768874168395996,1.8317778085474856e-05,1.2901999468795111e-09,4.7639318268011266e-07,6.406658485502703e-06,2.8846536224591546e-05
3529,352900.0,2.846348762512207,2.1949890651740134e-05,1.1232671681682405e-08,6.017519922352221e-07,6.894857961015077e-06,2.881755426642485e-05
3530,353000.0,2.754930019378662,1.7543208741699345e-05,9.480173313036744e-10,4.164706979281618e-07,7.130494395823916e-06,2.8788614145014435e-05
3531,353100.0,3.170715570449829,1.5623041690560058e-05,8.410367402511554e-10,3.692838390634279e-07,6.390106136677787e-06,2.8759695851476863e-05
3532,353200.0,2.933302164077759,2.0668379875132814e-05,1.1931224896954973e-09,5.522229571397475e-07,6.8616127464338206e-06,2.8730804842780344e-05
3533,353300.0,2.7246434688568115,2.048257192655001e-05,4.350134030772779e-09,5.339640551937919e-07,7.129119239834836e-06,2.870194111892488e-05
3534,353400.0,2.712448835372925,1.784991763997823e-05,1.8193880846339994e-09,4.009372673863254e-07,7.824665772204753e-06,2.8673108317889273e-05
3535,353500.0,2.896878480911255,1.8406159142614342e-05,1.1653821241353057e-09,4.6875760517650633e-07,6.686053438897943e-06,2.864431189664174e-05
3536,353600.0,2.9226503372192383,1.386056283081416e-05,4.651661278387564e-09,2.9599127060464525e-07,6.456129085563589e-06,2.8615535484277643e-05
3537,353700.0,2.8080382347106934,1.991529825318139e-05,2.53763765556414e-09,5.264582227937353e-07,6.7513065005186945e-06,2.8586788175744005e-05
3538,353800.0,2.861137866973877,2.10971811611671e-05,4.0540402146405086e-09,5.836672016812372e-07,6.5014469328161795e-06,2.855807360901963e-05
3539,353900.0,2.9125866889953613,1.7437208953197114e-05,4.596629299413735e-09,4.289409218927176e-07,6.709089575451799e-06,2.85293826891575e-05
3540,354000.0,2.9220058917999268,2.4311790184583515e-05,3.4977576390815557e-09,6.749890530954872e-07,7.43356577004306e-06,2.8500729968072847e-05
3541,354100.0,3.040053606033325,1.8109411030309275e-05,1.908346369816627e-09,4.7034669137246965e-07,6.3488364503427874e-06,2.8472100893850438e-05
3542,354200.0,2.9198832511901855,2.142521771020256e-05,2.750273564444683e-09,6.139792390058574e-07,6.072986707295058e-06,2.8443495466490276e-05
3543,354300.0,2.936981201171875,2.121394209098071e-05,1.6596201080076867e-09,6.027460131008411e-07,6.143632163002621e-06,2.8414920961949974e-05
3544,354400.0,2.938730239868164,2.139750176866073e-05,2.6810147435440967e-09,5.700817951037607e-07,7.142775302781956e-06,2.838637556124013e-05
3545,354500.0,2.8946621417999268,1.2431594768713694e-05,8.100742854288967e-10,2.284769635707562e-07,6.718860277032945e-06,2.835786835930776e-05
3546,354600.0,2.818800926208496,1.6655878425808623e-05,3.3614899752620886e-09,3.983043086464022e-07,6.694909188809106e-06,2.8329381166258827e-05
3547,354700.0,2.8939664363861084,1.2760724530380685e-05,1.2393722714776345e-09,2.1796117266603687e-07,7.310456112463726e-06,2.830092125805095e-05
3548,354800.0,2.927277088165283,2.0313651475589722e-05,1.748001743351324e-08,5.109178573547979e-07,7.523225121985888e-06,2.8272490453673527e-05
3549,354900.0,2.895250082015991,2.306613532709889e-05,2.4380180096983395e-09,6.394605520654295e-07,7.077184818626847e-06,2.8244086934137158e-05
3550,355000.0,2.8864598274230957,3.055784327443689e-05,4.568808886773468e-09,9.52322977809672e-07,6.7451983341015875e-06,2.8215723432367668e-05
3551,355100.0,2.9541168212890625,1.4954321159166284e-05,1.7872380242422992e-09,3.341802994327736e-07,6.598026629944798e-06,2.818737630150281e-05
3552,355200.0,2.7840678691864014,1.4019231457496062e-05,1.181980957554174e-09,2.9524360911636904e-07,6.636959369643591e-06,2.8159058274468407e-05
3553,355300.0,2.7041385173797607,1.3483009752235375e-05,1.684420158909461e-09,2.699259482596972e-07,6.733176178386202e-06,2.813077298924327e-05
3554,355400.0,2.776109218597412,2.0117900930927135e-05,3.70726516152331e-09,5.383807319958578e-07,6.654675871686777e-06,2.810251316986978e-05
3555,355500.0,3.0664408206939697,1.9299153791507706e-05,6.811877284462753e-09,5.011697226109391e-07,6.763099463569233e-06,2.8074291549273767e-05
3556,355600.0,3.0723695755004883,1.3295941243995912e-05,4.316268675808033e-09,2.3617155875399476e-07,7.387335699604591e-06,2.8046088118571788e-05
3557,355700.0,3.0499019622802734,1.0083986126119271e-05,6.880707670298136e-10,1.6294657712023763e-07,6.00963312535896e-06,2.8017911972710863e-05
3558,355800.0,3.165959119796753,2.840911656676326e-05,5.031661753918115e-09,8.691063158039469e-07,6.6764273469743785e-06,2.7989766749669798e-05
3559,355900.0,3.2356441020965576,1.190968669106951e-05,6.338809921402344e-09,2.285362228349186e-07,6.189941814227495e-06,2.7961648811469786e-05
3560,356000.0,3.0432729721069336,2.3379625417874195e-05,1.046775000013156e-09,6.478083491856523e-07,7.183371508290293e-06,2.7933567253057845e-05
3561,356100.0,3.09500789642334,1.5661344150430523e-05,1.1682157463610565e-09,3.798226089202217e-07,6.1646114772884175e-06,2.790550388453994e-05
3562,356200.0,3.0103793144226074,1.2531636457424611e-05,7.053321260386269e-10,2.057329737681357e-07,7.387605819531018e-06,2.7877471438841894e-05
3563,356300.0,3.011538505554199,1.905172030092217e-05,2.36776220852164e-09,4.902149726149219e-07,6.793977263441775e-06,2.7849466277984902e-05
3564,356400.0,2.870133638381958,1.535355295345653e-05,1.2709906460628417e-09,3.6324613006399886e-07,6.271128313528607e-06,2.7821490220958367e-05
3565,356500.0,2.886641025543213,1.3526879229175393e-05,1.790604775564475e-09,2.869523427762033e-07,6.3512798078591e-06,2.77935487247305e-05
3566,356600.0,2.916180372238159,1.3178538210922852e-05,1.7776534022573287e-08,2.1701352181935363e-07,7.735422514087986e-06,2.776562723738607e-05
3567,356700.0,2.9968435764312744,2.1103620383655652e-05,5.412325254638972e-09,5.813801635667915e-07,6.563704573636642e-06,2.7737733034882694e-05
3568,356800.0,3.0670039653778076,1.937463275680784e-05,2.558021350296258e-09,5.242537213234755e-07,6.265732281462988e-06,2.7709867936209776e-05
3569,356900.0,2.839043140411377,2.142002085747663e-05,3.631936529302493e-09,6.240863399398222e-07,5.814231371914502e-06,2.7682031941367313e-05
3570,357000.0,3.0910208225250244,1.9094692106591538e-05,2.4560169453735625e-09,5.310566848493181e-07,5.815819349663798e-06,2.7654232326312922e-05
3571,357100.0,3.2288386821746826,1.5211567188089248e-05,5.74669245523296e-09,3.645582467015629e-07,6.091863724577706e-06,2.7626449082163163e-05
3572,357200.0,2.8211264610290527,1.781293576641474e-05,1.0916783033110278e-08,4.655055647617701e-07,6.164378646644764e-06,2.759869494184386e-05
3573,357300.0,2.976949453353882,1.2711147974187043e-05,1.840398944352728e-09,2.6959031629303354e-07,5.969549420115072e-06,2.7570971724344417e-05
3574,357400.0,2.994872570037842,1.621911178517621e-05,5.728365781720868e-09,4.2342227857261605e-07,5.627825885312632e-06,2.754327215370722e-05
3575,357500.0,2.953894853591919,1.6072672224254347e-05,3.705333151415857e-09,3.736871292403521e-07,6.726787887600949e-06,2.75156107818475e-05
3576,357600.0,2.6740760803222656,2.8337884941720404e-05,2.0034855996442502e-09,8.575491392548429e-07,6.897153525642352e-06,2.748797123786062e-05
3577,357700.0,2.5937628746032715,1.6472253264510073e-05,4.855666535519276e-09,3.9080921965251036e-07,6.69716837364831e-06,2.7460355340735987e-05
3578,357800.0,2.655808210372925,1.7037822544807568e-05,1.0113809789658035e-09,4.027000954920368e-07,6.96930965204956e-06,2.743276854744181e-05
3579,357900.0,2.99074387550354,1.2537183465610724e-05,4.1453329657770155e-09,2.622675197017088e-07,5.976350166747579e-06,2.740521085797809e-05
3580,358000.0,3.1407995223999023,1.3850781215296593e-05,3.928237735095763e-09,2.820062263708678e-07,6.796697107347427e-06,2.7377689548302442e-05
3581,358100.0,3.029237747192383,2.2018970412318595e-05,6.3796230520551944e-09,6.081160677240405e-07,6.809690148656955e-06,2.735018642852083e-05
3582,358200.0,2.837161064147949,1.591100954101421e-05,3.1618418994128206e-09,3.7494459093068144e-07,6.534233762067743e-06,2.732271059358027e-05
3583,358300.0,2.900186061859131,1.5006256035121623e-05,3.326571906825393e-09,3.1298537805923843e-07,7.178294254117645e-06,2.7295260224491358e-05
3584,358400.0,2.890777349472046,1.6747837435104884e-05,1.0891874069329788e-08,4.3119280235259794e-07,5.957125267741503e-06,2.7267840778222308e-05
3585,358500.0,2.8998963832855225,1.5064762919791974e-05,2.4865032255405595e-09,3.443118430368486e-07,6.454479716921924e-06,2.7240455892751925e-05
3586,358600.0,2.8904104232788086,1.7735650544636883e-05,4.416578214261335e-09,4.2567961600070703e-07,7.0892433541303035e-06,2.721309101616498e-05
3587,358700.0,2.7568933963775635,2.1094116164022125e-05,1.5829751953688742e-09,5.968852292426163e-07,6.1704031395493075e-06,2.718575342441909e-05
3588,358800.0,2.6207668781280518,1.8890868886956014e-05,1.4528679370684472e-09,4.898465135738661e-07,6.643253527727211e-06,2.7158443117514253e-05
3589,358900.0,2.6212158203125,1.540214361739345e-05,3.0536586592688764e-09,3.544454898474214e-07,6.537952685903292e-06,2.713116009545047e-05
3590,359000.0,2.979069232940674,1.4294226275524125e-05,1.727652132466062e-09,3.361611504715256e-07,5.888469331694068e-06,2.7103913453174755e-05
3591,359100.0,3.1783058643341064,1.5151025763771031e-05,1.3318014469021477e-09,3.4805773907464754e-07,6.448251042456832e-06,2.7076683181803674e-05
3592,359200.0,2.744779586791992,1.1459603229013737e-05,6.776187388979338e-10,2.084054813167313e-07,6.24878930466366e-06,2.7049483833252452e-05
3593,359300.0,2.8528969287872314,1.1745601113943849e-05,2.7716648975939506e-09,2.584488356660586e-07,5.281608991936082e-06,2.7022311769542284e-05
3594,359400.0,2.933054208755493,1.581681499374099e-05,6.6578098589786805e-09,3.9296924114751164e-07,5.9859262364625465e-06,2.6995163352694362e-05
3595,359500.0,2.8216335773468018,1.425465688953409e-05,8.155879305249414e-10,2.765714839370048e-07,7.339554485952249e-06,2.6968053134623915e-05
3596,359600.0,2.926466703414917,2.0004759790026583e-05,5.317458917630802e-09,5.432335683508427e-07,6.418603334168438e-06,2.6940961106447503e-05
3597,359700.0,2.884110450744629,2.5261411792598665e-05,2.6784328088780285e-09,7.221369173748826e-07,7.20531079423381e-06,2.6913896363112144e-05
3598,359800.0,3.060993194580078,2.5514902517898008e-05,6.231983373794492e-09,7.137140869417635e-07,7.6658170655719e-06,2.688685890461784e-05
3599,359900.0,2.934581756591797,1.5022355000837706e-05,4.81667683516207e-09,3.6923219681739283e-07,5.7867337091010995e-06,2.6859846911975183e-05
3600,360000.0,2.715841770172119,1.4164440472086426e-05,7.48587769550113e-09,2.8997254730711575e-07,6.907640454301145e-06,2.683287311811e-05
3601,360100.0,2.992476224899292,1.4891330465616193e-05,1.1334615468427955e-09,3.244745983010944e-07,6.778332135581877e-06,2.6805917514138855e-05
3602,360200.0,2.7520291805267334,2.1004096197430044e-05,2.5094755162768934e-09,5.627795189866447e-07,6.9320985858212225e-06,2.677898737601936e-05
3603,360300.0,2.6197893619537354,2.0248056898708455e-05,6.989958833969467e-09,5.818741328766919e-07,5.694213086826494e-06,2.675208634173032e-05
3604,360400.0,2.6195268630981445,1.7549635231262073e-05,2.9629840803124807e-09,4.689486559072975e-07,5.822956609335961e-06,2.6725208954303525e-05
3605,360500.0,2.819427728652954,2.1520625523407944e-05,5.569690486595391e-09,6.208468334989448e-07,5.993885224597761e-06,2.669837158464361e-05
3606,360600.0,2.871377468109131,1.2745903404720593e-05,1.6638763700171921e-09,2.8607760782506375e-07,5.592300112766679e-06,2.6671548766898923e-05
3607,360700.0,2.6927764415740967,1.4226802704797592e-05,1.2451974562566193e-08,3.14315030891521e-07,6.356475296342978e-06,2.6644756871974096e-05
3608,360800.0,2.6203725337982178,1.2013869309157599e-05,6.916286654501391e-09,2.3669409188187274e-07,6.0895999922649935e-06,2.6617988623911515e-05
3609,360900.0,2.6218113899230957,1.9927685571019538e-05,1.445613628803244e-09,4.916740863336599e-07,7.634386747668032e-06,2.659124947967939e-05
3610,361000.0,2.61525559425354,1.655122105148621e-05,2.0147006285498037e-09,3.940600379337411e-07,6.697705430269707e-06,2.6564544896245934e-05
3611,361100.0,2.8084490299224854,1.875829548225738e-05,1.6811553260609458e-09,4.6605873649241403e-07,7.105146778485505e-06,2.6537858502706513e-05
3612,361200.0,2.7552390098571777,1.81326104211621e-05,1.0180946086180143e-09,4.229321177717793e-07,7.558287961728638e-06,2.6511199394008145e-05
3613,361300.0,2.8711888790130615,2.407962347206194e-05,2.0027151048651604e-09,6.868749551358633e-07,6.90574506734265e-06,2.6484565751161426e-05
3614,361400.0,2.9309468269348145,1.9317896658321843e-05,4.040906276259193e-09,5.402719125413569e-07,5.807056368212216e-06,2.645795939315576e-05
3615,361500.0,2.89338755607605,1.0097950507770292e-05,1.5441864453791254e-09,1.746560513993245e-07,5.730004431825364e-06,2.6431389414938167e-05
3616,361600.0,2.772510528564453,3.054550688830204e-05,3.2725517851162067e-09,9.405867444911564e-07,7.02756460668752e-06,2.64048339886358e-05
3617,361700.0,2.6845691204071045,2.1225863747531548e-05,3.4241889323993746e-09,6.216793622115802e-07,5.6804569794621784e-06,2.6378309485153295e-05
3618,361800.0,2.7905094623565674,1.811291804187931e-05,5.939157610157508e-09,4.5850978835915157e-07,6.644234872510424e-06,2.635181044752244e-05
3619,361900.0,2.7466623783111572,1.4191818991093896e-05,6.027084609172562e-09,2.433027077586303e-07,8.103223990474362e-06,2.6325338694732636e-05
3620,362000.0,2.857682466506958,2.0856392438872717e-05,1.3534365628231626e-08,5.842023256263928e-07,6.237798515940085e-06,2.6298899683752097e-05
3621,362100.0,2.8729591369628906,1.443769178877119e-05,1.3581067381807088e-09,3.4427065997988393e-07,5.829567271575797e-06,2.6272480681654997e-05
3622,362200.0,2.8701624870300293,1.8969249140354805e-05,1.790788184408143e-09,4.060348999246344e-07,8.81658706930466e-06,2.6246085326420143e-05
3623,362300.0,2.7610604763031006,1.5056849406391848e-05,9.542067580525782e-09,3.2102141744871915e-07,7.021771125437226e-06,2.6219719075015746e-05
3624,362400.0,2.7791266441345215,1.431830878573237e-05,4.43960779250574e-09,3.1579315873386804e-07,6.41904034637264e-06,2.6193380108452402e-05
3625,362500.0,2.8473055362701416,1.7658241631579585e-05,7.563730086701526e-09,4.42030000158411e-07,6.599927928618854e-06,2.6167073883698322e-05
3626,362600.0,2.858116865158081,1.9000957763637416e-05,3.4226690370786628e-09,4.947541469846328e-07,6.628681148868054e-06,2.614078766782768e-05
3627,362700.0,2.834866523742676,1.5915940821287222e-05,2.393947484691239e-09,3.881472139255493e-07,6.2098674789012875e-06,2.6114528736798093e-05
3628,362800.0,2.77109956741333,1.4885536984365899e-05,2.8164515164519344e-09,3.398608043880813e-07,6.386199856933672e-06,2.6088291633641347e-05
3629,362900.0,2.6329879760742188,1.1144691598019563e-05,6.766188165308051e-10,2.2481680161945405e-07,5.5235955187527e-06,2.606208363431506e-05
3630,363000.0,2.6056554317474365,1.4003257092554122e-05,1.5856419510740238e-09,3.4415279515087605e-07,5.397851964517031e-06,2.6035910195787437e-05
3631,363100.0,2.8704850673675537,1.1567851288418751e-05,6.429718979461541e-10,1.5571144729165098e-07,7.674421794945374e-06,2.600975494715385e-05
3632,363200.0,2.9026427268981934,1.9791843442362733e-05,1.312076669535145e-09,5.112578946864232e-07,7.009084129094845e-06,2.598362334538251e-05
3633,363300.0,2.7006187438964844,1.7840990039985627e-05,3.673662707370795e-09,4.292951985007676e-07,7.104935775714694e-06,2.5957524485420436e-05
3634,363400.0,2.997628688812256,1.7589674826012924e-05,5.177682727008914e-09,4.4243725483283924e-07,6.523565843963297e-06,2.5931447453331202e-05
3635,363500.0,2.916682243347168,1.6423662600573152e-05,4.572982437167639e-09,3.9228331161211827e-07,6.612006473005749e-06,2.5905404982040636e-05
3636,363600.0,2.9358577728271484,1.7301836123806424e-05,1.9461623423921992e-09,4.1922726268239785e-07,6.819208010711009e-06,2.5879380700644106e-05
3637,363700.0,2.913208484649658,1.7060085156117566e-05,1.614755085199704e-08,4.171966168087238e-07,6.614021913264878e-06,2.5853381885099225e-05
3638,363800.0,2.9087612628936768,1.5658893971703947e-05,2.9127793510497213e-09,3.347940662479232e-07,7.286130767170107e-06,2.5827408535405993e-05
3639,363900.0,2.893315076828003,1.461964984628139e-05,1.6425257820529282e-09,3.548501581462915e-07,5.746753231505863e-06,2.5801462470553815e-05
3640,364000.0,2.8057594299316406,1.9110715584247373e-05,6.272072861079891e-10,5.36077777724131e-07,5.708144271920901e-06,2.5775550966500305e-05
3641,364100.0,2.9813551902770996,1.658361179579515e-05,3.7633367533373985e-09,4.2004157307928836e-07,6.078809292375809e-06,2.574965765234083e-05
3642,364200.0,2.974924087524414,1.898616028483957e-05,4.901194561313105e-09,5.19577952218242e-07,5.99181203142507e-06,2.5723789804033004e-05
3643,364300.0,2.8704984188079834,1.4554986591974739e-05,8.885522317925165e-10,3.201710967459803e-07,6.549820227519376e-06,2.569794924056623e-05
3644,364400.0,2.735051393508911,1.5575486031593755e-05,1.06040976000088e-09,3.712913496656256e-07,6.292141279118368e-06,2.567213414295111e-05
3645,364500.0,2.7995522022247314,1.8375692889094353e-05,7.454317163535507e-09,4.0741596762927657e-07,8.18283933767816e-06,2.5646349968155846e-05
3646,364600.0,2.736077070236206,1.4636243577115238e-05,1.043500619246629e-09,3.1058849003784417e-07,6.870488505228423e-06,2.5620585802244022e-05
3647,364700.0,2.6646604537963867,1.4834466128377244e-05,1.5749724857627712e-09,3.464919302587077e-07,6.170592769194627e-06,2.5594848921173252e-05
3648,364800.0,2.6721954345703125,1.1480303328426089e-05,5.796573221417134e-10,2.3150343508859805e-07,5.692137619917048e-06,2.556913204898592e-05
3649,364900.0,2.631960153579712,1.158307622972643e-05,9.094948683063819e-10,2.1084765933210292e-07,6.310975095402682e-06,2.554345155658666e-05
3650,365000.0,2.727280378341675,1.3600149031844921e-05,1.067601029802745e-08,3.008279065852548e-07,6.068775292078499e-06,2.5517798349028453e-05
3651,365100.0,2.8712306022644043,1.50926316564437e-05,1.1319811754617604e-09,3.269317403464811e-07,6.918206054251641e-06,2.5492161512374878e-05
3652,365200.0,2.646735429763794,1.780343518476002e-05,1.7576641253569392e-09,4.608276356066199e-07,6.280987236095825e-06,2.5466551960562356e-05
3653,365300.0,2.6246793270111084,1.4630893019784708e-05,1.7969270516005054e-09,3.401114270218386e-07,6.126309926912654e-06,2.5440969693590887e-05
3654,365400.0,2.623096466064453,1.663937291596085e-05,1.798265425456691e-09,4.1232638636756747e-07,6.3294141909864265e-06,2.5415411073481664e-05
3655,365500.0,2.61895751953125,1.40075035233167e-05,2.8528721607301577e-09,3.071260152864852e-07,6.326500169961946e-06,2.538988701417111e-05
3656,365600.0,2.8157365322113037,1.3996541383676231e-05,6.526530871298064e-09,2.6364276095591777e-07,7.398945399472723e-06,2.5364379325765185e-05
3657,365700.0,2.630890130996704,1.484740187152056e-05,2.474663807205957e-09,3.7051447066005494e-07,5.582065568887629e-06,2.5338900741189718e-05
3658,365800.0,2.8877110481262207,1.8749233277048916e-05,1.7505284999330684e-09,5.045008606430201e-07,6.13496195001062e-06,2.5313445803476498e-05
3659,365900.0,2.8319756984710693,2.411101377219893e-05,3.223911360095144e-09,7.059925337671302e-07,6.457975359808188e-06,2.5288014512625523e-05
3660,366000.0,2.797224998474121,2.1751389795099385e-05,1.6901372523747682e-09,6.12354028817208e-07,6.440848665079102e-06,2.5262617782573216e-05
3661,366100.0,2.9929068088531494,1.840524964791257e-05,1.7996777401663167e-09,4.949380922880664e-07,6.029997621226357e-06,2.5237239242414944e-05
3662,366200.0,2.6782078742980957,1.2128426533308811e-05,2.7305138150524044e-09,2.1183748799558089e-07,6.829759513493627e-06,2.5211886168108322e-05
3663,366300.0,2.7252817153930664,1.6649328244966455e-05,3.863952713345498e-09,4.181696908744925e-07,6.191221928020241e-06,2.518655855965335e-05
3664,366400.0,2.7041449546813965,1.5731804523966275e-05,1.7491261772306643e-09,3.997091084784188e-07,5.73732768316404e-06,2.516125823603943e-05
3665,366500.0,2.9124481678009033,1.906561192299705e-05,1.4135143056037691e-09,4.566717848319968e-07,7.64740525482921e-06,2.513598883524537e-05
3666,366600.0,2.8645644187927246,1.677461295912508e-05,1.2141150307343196e-09,4.173559204900812e-07,6.339502306218492e-06,2.511073944333475e-05
3667,366700.0,2.8308627605438232,1.3072977708361577e-05,8.452361477395698e-09,2.1249655901556253e-07,7.75211174186552e-06,2.5085511879296973e-05
3668,366800.0,2.830281972885132,1.854157198977191e-05,1.1781890130180273e-08,4.4350107941681927e-07,7.442262813128764e-06,2.5060309781110846e-05
3669,366900.0,2.8444998264312744,1.6532172594452277e-05,1.4195142838957509e-08,3.8643750599476334e-07,6.857040716568008e-06,2.5035136786755174e-05
3670,367000.0,2.8472836017608643,1.0779311196529306e-05,1.742326949383255e-09,1.9165693743161683e-07,5.986145424685674e-06,2.500999289622996e-05
3671,367100.0,2.9175798892974854,1.3765161384071689e-05,9.599849803976213e-10,3.052147974358377e-07,6.133831448096316e-06,2.498486719559878e-05
3672,367200.0,2.7742016315460205,1.5137557966227178e-05,3.2516185299868994e-09,3.1649904030928155e-07,7.221830401249463e-06,2.495977059879806e-05
3673,367300.0,2.798473596572876,1.8997365259565413e-05,3.784102364789987e-09,4.939726636621344e-07,6.644264885835582e-06,2.493469582987018e-05
3674,367400.0,2.7372827529907227,1.4213327631296124e-05,2.9689966041246407e-09,3.545959827988554e-07,5.3454596127266996e-06,2.490964652679395e-05
3675,367500.0,2.8539676666259766,1.9581411834224127e-05,1.8067668472454557e-09,4.868421683568158e-07,7.4085510277654976e-06,2.4884629965526983e-05
3676,367600.0,2.8517324924468994,1.5948682630551048e-05,7.729824558211362e-10,3.6300801298239094e-07,6.872710400784854e-06,2.485962977516465e-05
3677,367700.0,2.890209436416626,1.4144863598630764e-05,1.3834452472494263e-09,2.97908314905726e-07,6.695772299281089e-06,2.4834655050653964e-05
3678,367800.0,3.0306601524353027,1.2775570212397724e-05,2.4516561003551374e-10,2.5338309228573053e-07,6.440747711167205e-06,2.4809707610984333e-05
3679,367900.0,3.1134214401245117,1.1531543350429274e-05,1.2260598092339592e-09,2.496775834970322e-07,5.288377451506676e-06,2.478478563716635e-05
3680,368000.0,2.882059335708618,1.6596475688857026e-05,2.2004054134328044e-09,3.770453531615203e-07,7.1681402005197015e-06,2.4759892767178826e-05
3681,368100.0,2.9381675720214844,1.2265559234947432e-05,8.288882913376483e-10,2.5792567726057314e-07,5.816588782181498e-06,2.473501990607474e-05
3682,368200.0,2.919926404953003,1.5550509488093667e-05,7.2111272508834645e-09,3.615828632064222e-07,6.503727490780875e-06,2.47101706918329e-05
3683,368300.0,3.198136568069458,1.4080585970077664e-05,2.91738877500336e-09,2.98433690204547e-07,6.616825430683093e-06,2.468534694344271e-05
3684,368400.0,2.9568374156951904,1.6798463548184372e-05,1.3660995668018927e-09,3.8766097532061394e-07,7.1055728767532855e-06,2.4660546841914766e-05
3685,368500.0,2.860384464263916,1.4633621503890026e-05,1.4867507225346799e-09,3.1413082979270257e-07,6.778863735235063e-06,2.463578130118549e-05
3686,368600.0,2.8558051586151123,1.4601036127714906e-05,1.1355446583038997e-09,3.349894370785478e-07,6.2251638155430555e-06,2.4611032131360844e-05
3687,368700.0,2.951580286026001,1.62265441758791e-05,2.1662431848312735e-09,3.644465493835014e-07,7.11321354174288e-06,2.4586310246377252e-05
3688,368800.0,2.886683464050293,2.480406874383334e-05,2.592378534060913e-09,7.662900429750152e-07,5.644224984280299e-06,2.4561612008255906e-05
3689,368900.0,2.7412874698638916,1.357993642159272e-05,1.8550799785188588e-09,2.7347704190106015e-07,6.741154720657505e-06,2.4536937416996807e-05
3690,369000.0,2.9452149868011475,2.048164969892241e-05,3.472631515677449e-09,5.649987429023895e-07,6.35320839137421e-06,2.4512293748557568e-05
3691,369100.0,3.308229446411133,1.4323049981612712e-05,3.762051559164092e-09,3.208235739293741e-07,6.298699645412853e-06,2.4487670089001767e-05
3692,369200.0,3.178074359893799,1.4141266547085252e-05,5.342292386245617e-09,3.227419824725075e-07,6.0673746702377684e-06,2.446306825731881e-05
3693,369300.0,2.9908339977264404,2.3623984816367738e-05,6.2112666121549864e-09,6.881766694277758e-07,6.413357368728612e-06,2.44384918914875e-05
3694,369400.0,2.833777904510498,1.660271118453238e-05,3.2424667395503093e-09,4.1489624891255517e-07,6.227062840480357e-06,2.4413942810497247e-05
3695,369500.0,2.784578800201416,1.4820061551290564e-05,6.777274297320446e-10,3.641933119524765e-07,5.714550752600189e-06,2.4389424652326852e-05
3696,369600.0,2.7060697078704834,1.5979640011209995e-05,1.668064797399893e-09,4.030657123621495e-07,5.901328677282436e-06,2.4364924684050493e-05
3697,369700.0,2.748289108276367,1.5154962966335006e-05,1.990418496689017e-09,3.51791186403716e-07,6.358193786581978e-06,2.434044836263638e-05
3698,369800.0,2.8003344535827637,1.3883235624234658e-05,9.341869500190114e-10,3.104601660197659e-07,6.120797934272559e-06,2.4315995688084513e-05
3699,369900.0,2.759521722793579,1.7768226825864986e-05,3.5782725671396065e-09,4.471742158784764e-07,6.585293704119977e-06,2.4291568479384296e-05
3700,370000.0,2.8813440799713135,1.1394816283427645e-05,3.0204716505721763e-09,2.155715606022568e-07,6.002506779623218e-06,2.4267174012493342e-05
3701,370100.0,2.9322781562805176,1.3665485312230885e-05,3.3891738304703267e-09,2.665820204583724e-07,6.997546279308153e-06,2.4242794097517617e-05
3702,370200.0,2.6837551593780518,1.8116104911314324e-05,1.5708404577097212e-09,4.325158897700021e-07,7.301635832845932e-06,2.421843964839354e-05
3703,370300.0,2.7994327545166016,1.955915467988234e-05,3.73220299110244e-09,5.619388616651122e-07,5.506949946720852e-06,2.4194110665121116e-05
3704,370400.0,2.870847225189209,1.3499913620762527e-05,1.5135820374823084e-09,2.666581906396459e-07,6.831945029261988e-06,2.4169805328710936e-05
3705,370500.0,2.6594817638397217,1.2192184840387199e-05,1.02905139964804e-09,2.255417825836048e-07,6.552611921506468e-06,2.4145530915120617e-05
3706,370600.0,2.5903375148773193,1.4096648556005675e-05,8.337298074145849e-10,2.8982475441807765e-07,6.850195404695114e-06,2.4121274691424333e-05
3707,370700.0,2.749129056930542,1.7770356862456538e-05,5.461981533727567e-09,4.4895796236232854e-07,6.540945378219476e-06,2.4097042114590295e-05
3708,370800.0,2.699192523956299,1.5124828678381164e-05,6.627339566023238e-09,3.4717893981905945e-07,6.4387272686872166e-06,2.4072835003607906e-05
3709,370900.0,2.767397165298462,1.1481464753160253e-05,1.469672605836081e-09,2.135520134061153e-07,6.141194262454519e-06,2.4048651539487764e-05
3710,371000.0,2.8298046588897705,1.4963299690862186e-05,2.31400520966929e-09,3.436395559219818e-07,6.369996754074236e-06,2.4024498998187482e-05
3711,371100.0,2.767589807510376,2.5405310225323774e-05,1.0260052363264549e-08,7.638595889147837e-07,6.298560037976131e-06,2.400036646577064e-05
3712,371200.0,2.7384002208709717,1.2942759894940536e-05,3.425828509762141e-09,3.024063914836006e-07,5.379174581321422e-06,2.397625576122664e-05
3713,371300.0,2.806410312652588,1.594403693161439e-05,2.089385775505548e-09,3.701317439208651e-07,6.688653229502961e-06,2.3952168703544885e-05
3714,371400.0,2.736541986465454,1.2200999663036782e-05,8.287953434660267e-09,2.3357534928436507e-07,6.353327535180142e-06,2.392810711171478e-05
3715,371500.0,2.6798596382141113,1.3917024261900224e-05,3.9018082098607465e-09,3.0794626582064666e-07,6.214466793608153e-06,2.3904076442704536e-05
3716,371600.0,2.9111440181732178,1.3505817150871735e-05,4.806764319909007e-09,2.8868447543572984e-07,6.2838985286362e-06,2.3880062144598924e-05
3717,371700.0,3.1457128524780273,8.896867257135455e-06,8.492391234682373e-10,1.318548612516679e-07,5.59964655622025e-06,2.385607331234496e-05
3718,371800.0,2.868910312652588,1.4944130271032918e-05,5.092344323998077e-09,3.238213821532554e-07,6.843503342679469e-06,2.3832108126953244e-05
3719,371900.0,2.8526415824890137,1.1714269021467771e-05,1.84320692042661e-09,1.8894222364451707e-07,6.988869245105889e-06,2.3808168407413177e-05
3720,372000.0,2.7798497676849365,1.3597303222923074e-05,1.1377507824761324e-09,2.4158219957826077e-07,7.556610853498569e-06,2.3784255972714163e-05
3721,372100.0,3.0640690326690674,2.2256801457842812e-05,1.7294358167774249e-09,6.295749130913464e-07,6.515698714792961e-06,2.376036354689859e-05
3722,372200.0,2.8606760501861572,1.1335952876834199e-05,1.0153773377652442e-09,1.7677979258223786e-07,6.915443464095006e-06,2.3736492948955856e-05
3723,372300.0,2.740823984146118,1.805639658414293e-05,2.37750685805338e-09,4.485253839447978e-07,6.840883543191012e-06,2.3712647816864774e-05
3724,372400.0,2.8539984226226807,1.7873733668238856e-05,3.3550746625365946e-09,4.6290949740068754e-07,6.297642812569393e-06,2.3688826331635937e-05
3725,372500.0,3.0075294971466064,2.9901115340180695e-05,2.645377472632049e-09,9.454280984755314e-07,6.262768692977261e-06,2.366503576922696e-05
3726,372600.0,3.042048454284668,1.6873633285285905e-05,1.7086302372959494e-09,4.196883764961967e-07,6.379716069204733e-06,2.364126339671202e-05
3727,372700.0,3.043765068054199,1.452215565223014e-05,1.1050468318174467e-09,3.613332637542044e-07,5.487719590746565e-06,2.3617512852069922e-05
3728,372800.0,3.129586935043335,1.5609706679242663e-05,1.8064864049094354e-09,3.682961562390119e-07,6.400496204150841e-06,2.3593787773279473e-05
3729,372900.0,3.195854663848877,1.5920410078251734e-05,2.8993609735294967e-09,4.0648220078765007e-07,5.7554561863071285e-06,2.3570084522361867e-05
3730,373000.0,3.071408748626709,1.5423949662363157e-05,2.1417585482907953e-09,3.6750236631633015e-07,6.234249667613767e-06,2.354641219426412e-05
3731,373100.0,2.9900736808776855,1.474239797971677e-05,1.268047555846863e-09,3.576429890017607e-07,5.800054623250617e-06,2.352275805606041e-05
3732,373200.0,2.7716422080993652,1.3883034625905566e-05,4.544088216817954e-09,3.298915203231445e-07,5.6312032938876655e-06,2.3499127564718947e-05
3733,373300.0,2.7370612621307373,1.4879841728543397e-05,1.5143496456815342e-09,3.439138254179852e-07,6.280482466536341e-06,2.347552072023973e-05
3734,373400.0,2.986980676651001,1.4297924280981533e-05,2.5573951845103693e-09,3.234040093502699e-07,6.210265837580664e-06,2.345193934161216e-05
3735,373500.0,2.890666961669922,1.198660993395606e-05,2.501704621238332e-09,2.501095650586649e-07,5.731369128625374e-06,2.3428385247825645e-05
3736,373600.0,2.9378674030303955,1.0897101674345322e-05,2.6413953246873234e-09,1.803878006967352e-07,6.384765129041625e-06,2.3404849343933165e-05
3737,373700.0,2.825514793395996,1.6635543943266384e-05,1.5234762340554653e-09,4.25167712592156e-07,6.00482644586009e-06,2.338133708690293e-05
3738,373800.0,2.74929141998291,1.246381907549221e-05,8.817753194279021e-10,2.658779862940719e-07,5.815987606183626e-06,2.335784665774554e-05
3739,373900.0,2.835063934326172,1.6075933672254905e-05,1.6400972802088631e-09,4.2212693074361596e-07,5.521119419427123e-06,2.3334383513429202e-05
3740,374000.0,3.087106943130493,1.8268427083967254e-05,2.877250215860272e-09,5.104308229419985e-07,5.5047794376150705e-06,2.331094947294332e-05
3741,374100.0,3.2649950981140137,1.3102788216201589e-05,9.386785793097374e-10,2.8209649372001877e-07,6.049437615729403e-06,2.3287529984372668e-05
3742,374200.0,2.93095064163208,1.2287660865695216e-05,5.0315276389767405e-09,2.516100323646242e-07,5.9923791013716254e-06,2.3264137780643068e-05
3743,374300.0,2.862762212753296,1.3144401236786507e-05,1.6021470816696137e-09,2.3032613682971714e-07,7.384645869024098e-06,2.324076740478631e-05
3744,374400.0,2.947441339492798,1.0850118087546434e-05,1.3231052919948638e-09,1.893331926794417e-07,6.115465112088714e-06,2.3217418856802396e-05
3745,374500.0,2.7390077114105225,1.5791121768415906e-05,1.2275860328259114e-09,3.8450994566119334e-07,6.177146133268252e-06,2.3194101231638342e-05
3746,374600.0,2.631643772125244,1.0201058103120886e-05,1.838588059577262e-09,1.599595691459399e-07,6.2002295635466e-06,2.3170801796368323e-05
3747,374700.0,2.6813583374023438,1.3432058949547354e-05,1.5963335098234666e-09,2.6560741162029444e-07,6.790277438994963e-06,2.3147524188971147e-05
3748,374800.0,2.6472585201263428,1.635653097764589e-05,5.172625439087142e-09,4.167281986156013e-07,5.933153261139523e-06,2.312427204742562e-05
3749,374900.0,2.6182758808135986,1.9812465325230733e-05,1.8768786524958614e-09,5.382499352890591e-07,6.354338893288514e-06,2.3101039914763533e-05
3750,375000.0,2.5988337993621826,1.616183180885855e-05,4.966260291894287e-09,3.925481735223002e-07,6.343161658151075e-06,2.307784052391071e-05
3751,375100.0,2.726393699645996,1.2989411516173277e-05,1.8038758264893318e-09,2.929410527485743e-07,5.664081527356757e-06,2.305465932295192e-05
3752,375200.0,2.620284080505371,1.370449535897933e-05,1.6439187788819254e-09,2.848865108262544e-07,6.580688477697549e-06,2.3031496311887167e-05
3753,375300.0,2.6078338623046875,1.196825451188488e-05,3.997624897777996e-09,2.2625985707236396e-07,6.307760941126617e-06,2.3008360585663468e-05
3754,375400.0,2.6176247596740723,1.0218067473033443e-05,7.677488644830532e-10,1.4527461189572932e-07,6.5854342210514005e-06,2.2985244868323207e-05
3755,375500.0,2.6947333812713623,1.3635700270242523e-05,3.1863396365849894e-09,2.9268775847413053e-07,6.315320206340402e-06,2.296216189279221e-05
3756,375600.0,2.678269863128662,1.6528707419638522e-05,1.2713280428400253e-09,4.0353080521526863e-07,6.439165645133471e-06,2.2939095288165845e-05
3757,375700.0,2.6250863075256348,1.2021439943055157e-05,2.8382123318237973e-09,2.2610998939853744e-07,6.365851277223555e-06,2.2916052330401726e-05
3758,375800.0,2.5963544845581055,1.4312618986878078e-05,2.9802043055582317e-09,3.487906781174388e-07,5.589871307165595e-06,2.2893029381521046e-05
3759,375900.0,2.7039847373962402,1.4110990377957933e-05,1.9441912524342797e-09,3.477907171145489e-07,5.414277893578401e-06,2.2870031898492016e-05
3760,376000.0,2.768538236618042,1.16351802716963e-05,1.0625275104203524e-09,2.2721673076375737e-07,5.9536992011999246e-06,2.284706170030404e-05
3761,376100.0,2.7381112575531006,1.1851037925225683e-05,1.6556878090767668e-09,2.184038265795607e-07,6.389287591446191e-06,2.2824109692010097e-05
3762,376200.0,2.787489891052246,1.3277299331093673e-05,1.292208118286453e-09,3.1557365787193703e-07,5.386664724937873e-06,2.28011813305784e-05
3763,376300.0,2.764543056488037,1.356000211671926e-05,1.4828422933987895e-09,3.161824793096457e-07,5.6539574870839715e-06,2.2778272978030145e-05
3764,376400.0,2.616982936859131,1.2184278602944687e-05,1.5475219994343092e-09,2.3008396965451539e-07,6.430630946852034e-06,2.2755393729312345e-05
3765,376500.0,2.6680784225463867,1.2798323041351978e-05,2.5712736384519985e-09,2.4954539412647136e-07,6.5571171035117e-06,2.2732539946446195e-05
3766,376600.0,2.58449649810791,1.459307168261148e-05,1.3041404622882169e-09,3.3488583994767396e-07,6.2196209000831e-06,2.270970435347408e-05
3767,376700.0,2.589520215988159,1.5879628335824236e-05,1.8158937464818337e-08,3.7558999110842706e-07,6.47171964374138e-06,2.2686888769385405e-05
3768,376800.0,2.6467220783233643,1.926073855429422e-05,2.374840324392835e-09,5.053347535977082e-07,6.624993602599716e-06,2.2664096832158975e-05
3769,376900.0,2.5874133110046387,1.2111133401049301e-05,1.416997519321228e-09,2.476021450092958e-07,5.919662726228125e-06,2.2641330360784195e-05
3770,377000.0,2.583876371383667,1.5361214536824264e-05,6.55390985926374e-09,3.4414887295497465e-07,6.75093997415388e-06,2.261859117425047e-05
3771,377100.0,2.7210853099823,1.404450540576363e-05,1.4488333865969594e-09,3.4694943451540894e-07,5.369321115722414e-06,2.2595868358621374e-05
3772,377200.0,2.7805051803588867,8.84905421116855e-06,1.2300740426240964e-09,1.475046644827671e-07,5.160208274901379e-06,2.2573169189854525e-05
3773,377300.0,2.6140592098236084,1.7394298993167467e-05,1.7080717285011815e-08,4.173795673523273e-07,6.942729669390246e-06,2.2550493667949922e-05
3774,377400.0,2.6449661254882812,1.1481141882541124e-05,1.3249850105978567e-09,2.371685638991039e-07,5.550602509174496e-06,2.2527839973918162e-05
3775,377500.0,2.6299781799316406,1.6531290384591557e-05,2.2294337487238636e-09,4.178892254458333e-07,6.081829269533046e-06,2.250521538371686e-05
3776,377600.0,2.589294195175171,1.303650060435757e-05,9.99338056750787e-10,2.849796487680578e-07,5.911009793635458e-06,2.2482607164420187e-05
3777,377700.0,2.5912656784057617,1.4207719686964992e-05,1.0687460916258829e-09,3.5163932921022933e-07,5.415668510977412e-06,2.2460022591985762e-05
3778,377800.0,2.6007347106933594,1.1135085514979437e-05,6.417379516676647e-09,2.0994295368836902e-07,5.880094249732792e-06,2.2437458028434776e-05
3779,377900.0,2.6245675086975098,1.2925118426210247e-05,1.5644938677894515e-09,2.773521146082203e-07,5.989750661683502e-06,2.241491893073544e-05
3780,378000.0,2.587635040283203,1.1826585250673816e-05,3.0960396468771023e-09,2.426793912491121e-07,5.756504833698273e-06,2.2392407117877156e-05
3781,378100.0,2.727418899536133,1.1784745765908156e-05,1.128395599181431e-08,2.030249390827521e-07,6.697838671243517e-06,2.2369913494912907e-05
3782,378200.0,2.6001081466674805,1.2972232070751488e-05,3.948774640605279e-09,2.6887838089351135e-07,6.2463241192745045e-06,2.23474398808321e-05
3783,378300.0,2.756126880645752,1.2403809705574531e-05,1.733583276930517e-09,2.4634789497213205e-07,6.243378720682813e-06,2.2324989913613535e-05
3784,378400.0,3.0468695163726807,1.3360359844227787e-05,1.1615939321529822e-09,2.711784077291668e-07,6.579738055734197e-06,2.2302561774267815e-05
3785,378500.0,2.7212750911712646,1.2231168511789292e-05,8.236415993678747e-09,2.5817837467911886e-07,5.768472419731552e-06,2.2280160919763148e-05
3786,378600.0,2.6677186489105225,2.1561330868280493e-05,5.3246749232016555e-09,6.247868782338628e-07,5.9363364925957285e-06,2.225778007414192e-05
3787,378700.0,2.65614914894104,1.3217990272096358e-05,1.0204200817653941e-09,2.7625554821497644e-07,6.310580829449464e-06,2.2235421056393534e-05
3788,378800.0,2.708592653274536,1.3450533515424468e-05,5.882351494790328e-09,2.6848894663089595e-07,6.732427209499292e-06,2.221308386651799e-05
3789,378900.0,2.8405251502990723,1.6175761629710905e-05,2.28220953246705e-09,4.0689948832550726e-07,6.000992470944766e-06,2.2190766685525887e-05
3790,379000.0,2.84704327583313,2.3825856260373257e-05,2.1761452639879053e-09,7.095446221683233e-07,6.085064796934603e-06,2.2168482246343046e-05
3791,379100.0,2.724299192428589,1.6474568838020787e-05,1.1431977142706273e-08,4.0185648231272353e-07,6.416723863367224e-06,2.214621054008603e-05
3792,379200.0,2.7258903980255127,1.610729486856144e-05,6.368134908285583e-09,3.789358800077025e-07,6.627529273828259e-06,2.2123964299680665e-05
3793,379300.0,2.741452693939209,1.3614919225801714e-05,8.989702870998428e-10,3.076482926189783e-07,5.922812761127716e-06,2.2101736249169335e-05
3794,379400.0,2.818781852722168,1.182342202810105e-05,1.619000822294936e-09,2.4223942318712943e-07,5.765817604697077e-06,2.2079533664509654e-05
3795,379500.0,2.7342984676361084,1.3993815628055017e-05,4.218866589411618e-09,3.0939798989493283e-07,6.254646450543078e-06,2.205736018368043e-05
3796,379600.0,2.5890004634857178,1.1159819223394152e-05,2.1738437716578574e-09,2.1417453410776943e-07,5.803281965199858e-06,2.2035201254766434e-05
3797,379700.0,2.587458848953247,1.0747448868642095e-05,1.16842735486955e-09,1.6012116077490646e-07,6.743251105945092e-06,2.201306779170409e-05
3798,379800.0,2.5893843173980713,1.2807787243218627e-05,7.030768744975546e-10,2.5520941449030943e-07,6.42684835838736e-06,2.1990952518535778e-05
3799,379900.0,2.5847067832946777,1.594525201653596e-05,1.4719706564747526e-09,3.7480145920198993e-07,6.573744030902162e-06,2.1968860892229713e-05
3800,380000.0,2.800908327102661,1.3141457202436868e-05,2.701897594548086e-09,2.7508639277584734e-07,6.261594990064623e-06,2.1946798369754106e-05
3801,380100.0,2.9692397117614746,1.5703832104918547e-05,1.7151938758175334e-09,4.0777564436211833e-07,5.507725745701464e-06,2.1924750399193726e-05
3802,380200.0,2.805170774459839,1.644965959712863e-05,3.0391895666781465e-09,4.0641236864757957e-07,6.286310508585302e-06,2.190272425650619e-05
3803,380300.0,2.801192045211792,1.6744455933803692e-05,6.7739196474292385e-09,4.105169466583902e-07,6.474758265540004e-06,2.1880719941691495e-05
3804,380400.0,2.807281494140625,1.1495176295284182e-05,1.1262427435099198e-08,2.2088819662258175e-07,5.961709121038439e-06,2.1858739273739047e-05
3805,380500.0,2.8155903816223145,1.1652194189082365e-05,9.55595047535951e-10,2.313342690740683e-07,5.867881100130035e-06,2.1836787709617056e-05
3806,380600.0,2.921621322631836,1.408059415552998e-05,2.4833282097347364e-09,3.3515101449665963e-07,5.69933581573423e-06,2.1814852516399696e-05
3807,380700.0,2.9167418479919434,1.2277578207431361e-05,1.2173785313152052e-09,2.764828650470008e-07,5.3642888815375045e-06,2.1792935513076372e-05
3808,380800.0,2.8913962841033936,1.2565864381031133e-05,2.607792204400994e-09,2.738886735187407e-07,5.7160400501743425e-06,2.1771042156615295e-05
3809,380900.0,2.8676445484161377,1.3172336366551463e-05,1.6578058925631467e-09,3.0295106512312486e-07,5.59690215595765e-06,2.174917062802706e-05
3810,381000.0,3.0222816467285156,1.536690615466796e-05,1.7273139363283008e-08,3.8297406490528374e-07,5.775280897069024e-06,2.1727330022258684e-05
3811,381100.0,3.1716806888580322,1.2257774869794957e-05,6.064108104553156e-10,2.3000458782007627e-07,6.507053512905259e-06,2.1705502149416134e-05
3812,381200.0,3.1778855323791504,1.2841524949180894e-05,8.935570616763755e-10,2.5888928689710156e-07,6.368399681377923e-06,2.168369792343583e-05
3813,381300.0,3.0198018550872803,1.7660149751463905e-05,3.1628641927738954e-09,4.408921938647836e-07,6.634681994910352e-06,2.1661913706338964e-05
3814,381400.0,3.0125198364257812,1.4391458535101265e-05,1.667276450234567e-08,3.408646591651632e-07,5.853169113834156e-06,2.164015495509375e-05
3815,381500.0,3.010406017303467,1.3729547390539665e-05,1.0565814001495255e-08,3.1739159567223396e-07,5.784191671409644e-06,2.161841985071078e-05
3816,381600.0,3.0712974071502686,1.2027945558656938e-05,1.4547986149082703e-09,2.3161193496434862e-07,6.236192348296754e-06,2.1596702936221845e-05
3817,381700.0,2.9754159450531006,1.0178102456848137e-05,1.7358797732569542e-09,1.809521279483306e-07,5.652563231706154e-06,2.157500603061635e-05
3818,381800.0,2.871185302734375,1.677296131674666e-05,1.6700221205923071e-09,4.0174890614252945e-07,6.727568688802421e-06,2.1553330952883698e-05
3819,381900.0,2.8664565086364746,1.5607629393343814e-05,6.026787069401962e-09,3.426217176638602e-07,7.036060196696781e-06,2.1531679522013292e-05
3820,382000.0,2.7659730911254883,1.0856657354452182e-05,1.512616254473187e-09,2.0000827305466373e-07,5.854938081029104e-06,2.1510059013962746e-05
3821,382100.0,2.762413740158081,1.453148161090212e-05,1.8072023877380161e-09,3.497248428629973e-07,5.786554083897499e-06,2.1488447600859217e-05
3822,382200.0,2.737719774246216,1.4347864635055885e-05,2.4686317434685634e-09,3.2212383871410566e-07,6.292299531196477e-06,2.1466859834617935e-05
3823,382300.0,2.825206756591797,1.2158452591393143e-05,6.042217837176622e-09,2.3701556983724004e-07,6.227021458471427e-06,2.14452957152389e-05
3824,382400.0,2.938842535018921,1.0455618394189514e-05,1.7479309111223529e-09,1.614604059341218e-07,6.417359600163763e-06,2.14237497857539e-05
3825,382500.0,2.9370689392089844,1.0425863365526311e-05,4.1199679223780095e-09,2.0009930778996932e-07,5.419260560302064e-06,2.1402234779088758e-05
3826,382600.0,2.9032669067382812,1.1725639524229337e-05,3.5877558701713497e-09,2.307522635192072e-07,5.95324536334374e-06,2.1380734324338846e-05
3827,382700.0,2.8810627460479736,1.239791981788585e-05,3.553231708863791e-09,2.603653683763696e-07,5.8852324400504585e-06,2.1359255697461776e-05
3828,382800.0,2.7828240394592285,1.0725645552156493e-05,1.7500842997009158e-09,2.0669747868851118e-07,5.556459200306563e-06,2.1337800717446953e-05
3829,382900.0,2.727952003479004,1.0735615433077328e-05,7.261070855690832e-09,1.9747908197587094e-07,5.791377134301001e-06,2.1316363927326165e-05
3830,383000.0,2.762354612350464,1.1134421583847143e-05,1.2393093218321383e-09,1.8767519804896438e-07,6.441302048187936e-06,2.1294958060025238e-05
3831,383100.0,3.026094913482666,1.0675124030967709e-05,1.004442529151106e-09,1.4609784670938097e-07,7.0216738095041364e-06,2.127356310666073e-05
3832,383200.0,2.8865833282470703,1.032964610203635e-05,3.41401351633408e-09,1.8341745544603327e-07,5.740795131714549e-06,2.125219180015847e-05
3833,383300.0,2.955679416656494,1.13825844891835e-05,3.617909527520169e-09,2.2143620981296408e-07,5.843061899213353e-06,2.1230842321529053e-05
3834,383400.0,3.0597732067108154,9.824693734117318e-06,1.379400260681507e-09,1.7962487675049488e-07,5.332692126103211e-06,2.1209512851783074e-05
3835,383500.0,2.997387647628784,1.2024689567624591e-05,7.661213885512552e-09,1.7416572006823117e-07,7.662884854653385e-06,2.1188214304856956e-05
3836,383600.0,3.19762921333313,1.3199241948314011e-05,8.417427310725145e-10,2.402535983492271e-07,7.19206036592368e-06,2.1166928490856662e-05
3837,383700.0,3.054982900619507,1.5965204511303455e-05,5.079981324485061e-09,3.873839489187958e-07,6.275525265664328e-06,2.114566450472921e-05
3838,383800.0,3.0083112716674805,1.4426971574721392e-05,4.719817869869303e-09,3.238605756905599e-07,6.325737103907159e-06,2.1124424165464006e-05
3839,383900.0,2.9922237396240234,1.4976578313508071e-05,1.3234101592374259e-09,3.714868057613785e-07,5.688084456778597e-06,2.1103202016092837e-05
3840,384000.0,2.747917652130127,1.2873350897280034e-05,6.5202270249642424e-09,2.3220520972699887e-07,7.061700671329163e-06,2.108200715156272e-05
3841,384100.0,2.759110927581787,1.2253906788828317e-05,8.828415776207521e-10,2.3562019180189964e-07,6.36251934338361e-06,2.1060826838947833e-05
3842,384200.0,2.996619939804077,1.0308113814971875e-05,8.639655657560752e-10,2.0303602354942996e-07,5.231349405221408e-06,2.103967017319519e-05
3843,384300.0,3.1092677116394043,1.1953846296819393e-05,3.089705602477011e-09,2.6904899641522206e-07,5.224532287684269e-06,2.101853533531539e-05
3844,384400.0,2.9370319843292236,1.0598999324429315e-05,1.4316565710714713e-09,1.8640112386947294e-07,5.937539754086174e-06,2.0997418687329628e-05
3845,384500.0,3.0086429119110107,9.996341759688221e-06,1.1953832368405415e-09,1.684011010638642e-07,5.7851198107528035e-06,2.0976332962163724e-05
3846,384600.0,2.9817373752593994,1.671543395787012e-05,1.458362430817317e-09,4.081813074208185e-07,6.509442300739465e-06,2.0955259969923645e-05
3847,384700.0,2.792200803756714,1.529625296825543e-05,2.7709450289847837e-09,3.4247062785652815e-07,6.731717348884558e-06,2.093420880555641e-05
3848,384800.0,2.7661242485046387,1.1780232853197958e-05,7.242284549846545e-10,2.248789172654142e-07,6.157536063255975e-06,2.0913177650072612e-05
3849,384900.0,2.74867582321167,1.1535915291460697e-05,7.66471552893222e-10,2.0589246219060442e-07,6.387836492649512e-06,2.0892168322461657e-05
3850,385000.0,2.652547836303711,1.4651534911536146e-05,3.891331257221964e-09,3.268265800215886e-07,6.4769783421070315e-06,2.0871186279691756e-05
3851,385100.0,2.8577489852905273,1.4690604075440206e-05,3.4979890095598876e-09,3.093409191023966e-07,6.953583579161204e-06,2.085022242681589e-05
3852,385200.0,2.680860996246338,1.3651399967784528e-05,1.4841757822736668e-09,2.3741468169191648e-07,7.714548701187596e-06,2.0829274944844656e-05
3853,385300.0,2.875540256500244,1.3683913493878208e-05,3.4775018420418746e-09,2.9611092600134725e-07,6.277662578213494e-06,2.0808349290746264e-05
3854,385400.0,3.082792043685913,1.394977698510047e-05,1.889345568883982e-09,2.9894263775531726e-07,6.474322162830504e-06,2.0787445464520715e-05
3855,385500.0,2.9942352771759033,1.5525680282735266e-05,4.433795997016432e-09,3.572675382201851e-07,6.589556960534537e-06,2.076656892313622e-05
3856,385600.0,3.1343441009521484,1.4195380572346039e-05,5.525922830429408e-09,3.338091971727408e-07,5.844625320605701e-06,2.0745706933666952e-05
3857,385700.0,2.9438729286193848,1.5040104699437506e-05,6.43152819890247e-09,3.634048084677488e-07,5.9485528254299425e-06,2.0724864953081124e-05
3858,385800.0,2.80910587310791,1.3568204849434551e-05,1.5604664227453213e-09,2.80305044952911e-07,6.559017947438406e-06,2.0704044800368138e-05
3859,385900.0,2.858478546142578,1.439526749891229e-05,1.1132808008795791e-09,3.2292905416397844e-07,6.320928605418885e-06,2.0683248294517398e-05
3860,386000.0,2.927032709121704,1.2369059732009191e-05,3.0419771146483754e-09,2.57449556784195e-07,5.929779035795946e-06,2.0662477254518308e-05
3861,386100.0,3.0220727920532227,1.4295497749117203e-05,1.1570819857809056e-09,2.9538176704591024e-07,6.9097968662390485e-06,2.0641718947445042e-05
3862,386200.0,2.928037643432617,1.0199015378020704e-05,8.739656776057814e-10,1.793771815528089e-07,5.713711743737804e-06,2.062098246824462e-05
3863,386300.0,2.9076120853424072,1.169579081761185e-05,7.222239473136938e-10,2.2627229157023976e-07,6.038260835339315e-06,2.060026781691704e-05
3864,386400.0,2.9162137508392334,1.2493837857618928e-05,1.00791108792464e-09,2.526850266804104e-07,6.175705038913293e-06,2.0579571355483495e-05
3865,386500.0,2.9348559379577637,1.339501886832295e-05,2.3945001537128974e-09,2.7687121928465785e-07,6.470844255090924e-06,2.0558903997880407e-05
3866,386600.0,2.9081077575683594,1.3178501831134781e-05,2.4466604298112316e-09,3.0952315910326433e-07,5.437976597022498e-06,2.0538249373203143e-05
3867,386700.0,2.823120594024658,9.069232874026056e-06,1.278012362604386e-09,1.3473874105329742e-07,5.699486337107373e-06,2.0517618395388126e-05
3868,386800.0,2.95980167388916,1.2177900316601153e-05,1.242725122807542e-08,2.5822509996942244e-07,5.709845481760567e-06,2.0497005607467145e-05
3869,386900.0,2.8451178073883057,9.246025001630187e-06,4.972744438447307e-10,1.4880967569297354e-07,5.525285359908594e-06,2.0476414647419006e-05
3870,387000.0,2.7465784549713135,1.1857442586915568e-05,7.24446147515323e-09,2.555951823524083e-07,5.460318789118901e-06,2.0455849153222516e-05
3871,387100.0,2.8598642349243164,1.569450796523597e-05,3.575354234897077e-09,3.942883211038861e-07,5.833723207615549e-06,2.043530002993066e-05
3872,387200.0,2.915004014968872,1.0379706509411335e-05,1.0494705104946433e-09,1.934726725494329e-07,5.541839982470265e-06,2.041477091552224e-05
3873,387300.0,3.1354904174804688,1.2969861927558668e-05,1.915202663127502e-09,2.774297911400936e-07,6.032201781636104e-06,2.0394263628986664e-05
3874,387400.0,3.021756410598755,1.4419500075746328e-05,7.021311976274092e-09,3.07984919345472e-07,6.7128553382644895e-06,2.0373776351334527e-05
3875,387500.0,2.7122128009796143,1.4669516531284899e-05,5.988115336919009e-09,3.4357350386926555e-07,6.074190878280206e-06,2.035331453953404e-05
3876,387600.0,2.862316846847534,1.2615116247616243e-05,4.825311261669185e-09,2.6723034807218937e-07,5.929532107984414e-06,2.0332869098638184e-05
3877,387700.0,2.6676230430603027,9.745501301949844e-06,1.6826819937421078e-09,1.7355928605411464e-07,5.404836883826647e-06,2.0312441847636364e-05
3878,387800.0,2.720458507537842,1.357097426080145e-05,1.766447876860866e-09,2.88250703306403e-07,6.362940894177882e-06,2.0292034605517983e-05
3879,387900.0,2.927945375442505,1.0985582775902003e-05,2.115816855052799e-09,1.9938647710660007e-07,5.998805590934353e-06,2.027165101026185e-05
3880,388000.0,2.9282803535461426,1.1031726899091154e-05,8.295177322814595e-10,2.1376624204094696e-07,5.68674204259878e-06,2.025129106186796e-05
3881,388100.0,3.0569329261779785,1.1161349902977236e-05,4.395870334406027e-10,1.3670708653990005e-07,7.743233254586812e-06,2.0230947484378703e-05
3882,388200.0,2.951538324356079,1.5613877621944994e-05,1.9366159786926573e-09,3.775269306061091e-07,6.173767360451166e-06,2.021062573476229e-05
3883,388300.0,2.932147979736328,1.1006451131834183e-05,3.902544065681468e-09,1.6959337756361492e-07,6.762714292563032e-06,2.019032217503991e-05
3884,388400.0,3.1777231693267822,1.1753058061003685e-05,8.204860679761339e-10,2.323921961533415e-07,5.942433290329063e-06,2.017003862420097e-05
3885,388500.0,2.9224936962127686,1.1535438716236968e-05,1.0974748887448982e-09,2.291949954269512e-07,5.804466127301566e-06,2.0149782358203083e-05
3886,388600.0,2.923004388809204,1.2153600437159184e-05,9.450572546754188e-10,2.4973334689093463e-07,5.909321316721616e-06,2.0129540644120425e-05
3887,388700.0,2.932302951812744,1.1400105904613156e-05,1.4600024300648329e-08,2.0751136275976023e-07,6.197722086653812e-06,2.0109317119931802e-05
3888,388800.0,3.128782272338867,1.2160804544691928e-05,1.5210682713373558e-09,2.512479682081903e-07,5.878084721189225e-06,2.0089115423616022e-05
3889,388900.0,3.0343105792999268,1.3884584404877387e-05,2.930453879557149e-09,3.113189848136244e-07,6.098679023125442e-06,2.0068935555173084e-05
3890,389000.0,2.8946733474731445,1.3364084225031547e-05,2.6402495745259102e-09,2.9907874932177947e-07,5.8844752857112326e-06,2.0048779333592393e-05
3891,389100.0,2.8961453437805176,9.454884093429428e-06,3.1102078690281587e-09,1.5281868570582446e-07,5.631306521536317e-06,2.0028641301905736e-05
3892,389200.0,2.7439281940460205,1.4033517800271511e-05,4.278397636170439e-10,3.3059527027035074e-07,5.768208666268038e-06,2.000851782213431e-05
3893,389300.0,2.852695941925049,1.375083411403466e-05,1.2265541471379038e-08,3.208533030374383e-07,5.717236035707174e-06,1.9988417989225127e-05
3894,389400.0,2.823745012283325,1.0441242920933291e-05,5.411854520076531e-09,2.2284602607669513e-07,4.8646811592334416e-06,1.9968339984188788e-05
3895,389500.0,2.885655164718628,1.3352248060982674e-05,1.588243536687628e-09,2.8901402515657537e-07,6.125309027993353e-06,1.994828380702529e-05
3896,389600.0,2.892199993133545,9.968781341740396e-06,1.0270456707317521e-09,1.3483618488407956e-07,6.5968497438007034e-06,1.9928244000766426e-05
3897,389700.0,3.0629303455352783,9.909678738040384e-06,1.2559525641719915e-09,1.9111830340534652e-07,5.130464614921948e-06,1.9908222384401597e-05
3898,389800.0,3.1744627952575684,1.2483238606364466e-05,3.146714222523883e-09,2.6734372227110725e-07,5.7964989537140355e-06,1.9888224414899014e-05
3899,389900.0,2.953246593475342,1.6272835637209937e-05,6.377645522803732e-09,4.10979112075438e-07,5.991979378450196e-06,1.9868244635290466e-05
3900,390000.0,3.0030434131622314,1.4034755622560624e-05,1.7056156487171847e-09,3.406459541110962e-07,5.516901637747651e-06,1.9848292140522972e-05
3901,390100.0,3.010531425476074,1.397853975504404e-05,7.076360608593291e-10,2.8827992082369747e-07,6.770834261260461e-06,1.9828352378681302e-05
3902,390200.0,2.9221043586730957,1.3925441635365132e-05,4.568736500232262e-09,2.7547346803658e-07,7.034036570985336e-06,1.980843262572307e-05
3903,390300.0,2.903932571411133,1.952110142156016e-05,1.8582940741751486e-09,5.201783892516687e-07,6.514781944133574e-06,1.9788534700637683e-05
3904,390400.0,2.9376583099365234,1.2361151675577275e-05,2.0518042820327764e-09,2.561139069712226e-07,5.956252607575152e-06,1.976865496544633e-05
3905,390500.0,3.0096817016601562,1.420025455445284e-05,1.2771617097229182e-09,3.366443195318425e-07,5.782869266113266e-06,1.9748800696106628e-05
3906,390600.0,2.9445128440856934,1.0293671039107721e-05,4.309808510072344e-09,2.0659277311096957e-07,5.124541530676652e-06,1.9728962797671556e-05
3907,390700.0,3.0225274562835693,1.1492043995531276e-05,1.819630446320275e-09,1.8856567862712836e-07,6.776082045689691e-06,1.970914308913052e-05
3908,390800.0,2.868856906890869,1.5059227735036984e-05,5.078553133586183e-09,3.6018053606312606e-07,6.049635430827038e-06,1.9689343389472924e-05
3909,390900.0,2.9341604709625244,1.1363958947185893e-05,1.0487268831127494e-09,2.431518737466831e-07,5.284113285597414e-06,1.9669563698698767e-05
3910,391000.0,2.942448854446411,1.2294329280848615e-05,8.156316511076511e-09,2.442767765842291e-07,6.17925343249226e-06,1.964980947377626e-05
3911,391100.0,2.993443727493286,1.4226315215637442e-05,2.177251268165037e-09,3.1737411632093426e-07,6.289785233093426e-06,1.963006980076898e-05
3912,391200.0,3.1467292308807373,1.5891917428234592e-05,2.7438957772574213e-09,3.7462160662471433e-07,6.523634510813281e-06,1.9610350136645138e-05
3913,391300.0,3.0348927974700928,1.7471436876803637e-05,1.464390275707217e-09,4.7211841547323274e-07,5.66701237403322e-06,1.9590650481404737e-05
3914,391400.0,2.831552743911743,1.1840809747809544e-05,1.8521435496410277e-09,2.3815154293060914e-07,5.8851687754213344e-06,1.9570970835047774e-05
3915,391500.0,2.852968692779541,1.625574986974243e-05,2.2833339663463903e-09,3.893721043368714e-07,6.519164344354067e-06,1.9551314835553057e-05
3916,391600.0,2.8324873447418213,1.1449035810073838e-05,8.192041489607504e-10,2.175877540366855e-07,6.008522632328095e-06,1.953167338797357e-05
3917,391700.0,2.8517825603485107,1.2389464245643467e-05,8.338965962195743e-09,2.805617498324864e-07,5.367081485019298e-06,1.951205194927752e-05
3918,391800.0,2.859861373901367,8.955693374446128e-06,1.0606832079318451e-09,1.1587289350245555e-07,6.057810878701275e-06,1.949245051946491e-05
3919,391900.0,2.8769407272338867,1.002517092274502e-05,1.6732679686271013e-09,1.642001166146656e-07,5.918494025536347e-06,1.9472867279546335e-05
3920,392000.0,2.8233087062835693,1.0597014806990046e-05,5.774275280145957e-09,1.8694781545036676e-07,5.917544967815047e-06,1.945330950547941e-05
3921,392100.0,2.9369778633117676,1.1730105143215042e-05,1.2558488693414915e-09,2.3544139082787297e-07,5.842814971401822e-06,1.943376992130652e-05
3922,392200.0,2.838489294052124,1.2388869436108507e-05,1.6975478800418387e-09,2.7113210876450466e-07,5.608869287243579e-06,1.9414246708038263e-05
3923,392300.0,3.1530394554138184,1.3954433597973548e-05,1.9826895680807866e-09,3.0302760478662094e-07,6.376760211423971e-06,1.9394743503653444e-05
3924,392400.0,2.9713258743286133,9.52634491113713e-06,4.039086010099169e-10,1.7060204982044525e-07,5.260889793134993e-06,1.9375260308152065e-05
3925,392500.0,2.634528875350952,1.4316563465399668e-05,9.383743782009901e-10,3.770264527247491e-07,4.8899632929533254e-06,1.935580075951293e-05
3926,392600.0,2.7383639812469482,9.160732588497922e-06,1.1310061776015345e-09,1.505459437112222e-07,5.395952030085027e-06,1.933635758177843e-05
3927,392700.0,2.821053981781006,1.4413933968171477e-05,1.6974405214753574e-09,3.2345937484024034e-07,6.325751655822387e-06,1.9316928955959156e-05
3928,392800.0,2.6262638568878174,1.0867312994378153e-05,9.850169568892397e-10,2.269067778115641e-07,5.1936581257905345e-06,1.929752397700213e-05
3929,392900.0,2.6248037815093994,1.4179520803736523e-05,4.6907868700429844e-09,3.5711579471353616e-07,5.24693496117834e-06,1.927813900692854e-05
3930,393000.0,2.7222352027893066,1.2861379218520597e-05,1.0240814862783054e-09,2.101790670394621e-07,7.605878181493608e-06,1.9258779502706602e-05
3931,393100.0,3.30295729637146,1.9550545403035358e-05,1.416550765576119e-09,5.545361432268692e-07,5.685725682269549e-06,1.923943273141049e-05
3932,393200.0,2.7592525482177734,1.0855934306164272e-05,4.450246837706118e-09,1.8548128366546734e-07,6.214452241692925e-06,1.922010415000841e-05
3933,393300.0,2.809316635131836,1.0542100426391698e-05,9.599804284832203e-10,1.7331623780592054e-07,6.2082335716695525e-06,1.920079557748977e-05
3934,393400.0,2.7264864444732666,1.1456630090833642e-05,1.107304248293417e-09,2.1962793539387349e-07,5.964825049886713e-06,1.9181505194865167e-05
3935,393500.0,2.597444772720337,1.0811305401148275e-05,2.8540962926371094e-09,1.9310722620957677e-07,5.9807712204928976e-06,1.9162242097081617e-05
3936,393600.0,2.6940488815307617,1.1777995496231597e-05,1.3447959412715704e-09,2.579308784333989e-07,5.328378392732702e-06,1.914299173222389e-05
3937,393700.0,2.7280595302581787,1.6612382751191035e-05,1.451929354523429e-09,4.287626609311701e-07,5.891864475415787e-06,1.9123763195239007e-05
3938,393800.0,2.6003308296203613,7.430161531374324e-06,2.0295190528152318e-10,9.339687778719963e-08,5.095036613056436e-06,1.9104551029158756e-05
3939,393900.0,3.137641668319702,1.0649897376424633e-05,1.0205445377664546e-09,1.9329121414557449e-07,5.816596058139112e-06,1.9085358871961944e-05
3940,394000.0,2.916459083557129,1.0994313015544321e-05,1.671330074337618e-09,1.9584733479405259e-07,6.096458037063712e-06,1.9066190361627378e-05
3941,394100.0,2.9439918994903564,9.053759640664794e-06,1.7223261705723303e-09,1.6695307181180397e-07,4.878210347669665e-06,1.9047038222197443e-05
3942,394200.0,2.7732045650482178,1.188394526252523e-05,3.4031366613618275e-09,2.3884788902250875e-07,5.909344054089161e-06,1.902790245367214e-05
3943,394300.0,2.780147075653076,1.658087785472162e-05,3.0928690719633778e-09,4.133241304771218e-07,6.2446815718431026e-06,1.900878851301968e-05
3944,394400.0,2.655994415283203,8.729308319743723e-06,2.7382591749613994e-09,1.5598942582073505e-07,4.826834356208565e-06,1.8989692762261257e-05
3945,394500.0,2.8221418857574463,1.375630745314993e-05,2.7669617708170335e-09,3.0435941766882024e-07,6.14455484537757e-06,1.8970622477354482e-05
3946,394600.0,2.992948293685913,1.2276134839339647e-05,1.0611762579770811e-09,2.2049204062568606e-07,6.762772954971297e-06,1.895156310638413e-05
3947,394700.0,2.862743377685547,1.0054507583845407e-05,1.126211235380481e-09,1.760588190791168e-07,5.651911124004982e-06,1.8932523744297214e-05
3948,394800.0,3.2740137577056885,1.0409376045572571e-05,1.1859306869865804e-09,2.0392904787058797e-07,5.309963398758555e-06,1.8913506210083142e-05
3949,394900.0,3.0065078735351562,9.352761480840854e-06,1.6319089413130428e-09,1.4765379319214844e-07,5.6597855291329324e-06,1.88945032277843e-05
3950,395000.0,2.715048313140869,1.0841094990610145e-05,1.178530339984718e-08,1.8306614890661876e-07,6.2526564761355985e-06,1.8875527530326508e-05
3951,395100.0,2.769937515258789,7.97641678218497e-06,7.503199173086728e-10,1.0096226077394022e-07,5.451609467854723e-06,1.8856564565794542e-05
3952,395200.0,2.771141767501831,9.85851147561334e-06,3.274331472624681e-09,1.2194544751764624e-07,6.806601049902383e-06,1.883762342913542e-05
3953,395300.0,2.9386258125305176,1.0041779205494095e-05,9.282195567728024e-10,1.81000359589234e-07,5.515841621672735e-06,1.8818700482370332e-05
3954,395400.0,2.596245765686035,1.058261750586098e-05,8.87432072271821e-10,1.6639161515286105e-07,6.421939360734541e-06,1.879979572549928e-05
3955,395500.0,2.756499767303467,1.1886549145856407e-05,1.8776151744503977e-09,2.833122323409043e-07,4.8018659981607925e-06,1.8780914615490474e-05
3956,395600.0,2.726898670196533,1.0421910701552406e-05,1.98427851927363e-09,1.9430918030138855e-07,5.562196747632697e-06,1.8762048057396896e-05
3957,395700.0,2.823493719100952,1.1957207789237145e-05,1.7212818947953679e-09,2.0242207199316908e-07,6.894933903822675e-06,1.8743199689197354e-05
3958,395800.0,2.8148646354675293,9.993436833610758e-06,9.707822323790083e-10,1.4898073175118043e-07,6.267948265303858e-06,1.8724369510891847e-05
3959,395900.0,2.7800374031066895,1.4515560906147584e-05,3.4390814640516965e-09,3.300359310287604e-07,6.261223461478949e-06,1.870555934146978e-05
3960,396000.0,2.8715574741363525,1.002180579234846e-05,2.3159631989955187e-09,1.6620711562609358e-07,5.8643126976676285e-06,1.8686772818909958e-05
3961,396100.0,2.9432809352874756,1.1412210369599052e-05,6.20106133109033e-10,2.253580078104278e-07,5.777640126325423e-06,1.866800266725477e-05
3962,396200.0,2.783416271209717,1.4853104403300676e-05,7.591023365449701e-10,3.6254743918107124e-07,5.788659109384753e-06,1.864924888650421e-05
3963,396300.0,2.8215601444244385,9.878514902084135e-06,3.7088589976974617e-09,1.643926879069113e-07,5.76498814552906e-06,1.8630513295647688e-05
3964,396400.0,2.653165578842163,9.741270332597196e-06,8.41644198779079e-10,1.1092765817011241e-07,6.9672373683715705e-06,1.8611797713674605e-05
3965,396500.0,2.595296621322632,1.3022221537539735e-05,2.447959612794648e-09,3.1361432206722384e-07,5.17941498401342e-06,1.8593105778563768e-05
3966,396600.0,2.6769864559173584,9.745367606228683e-06,1.3957591749047538e-09,1.7378101802023593e-07,5.399445853981888e-06,1.8574426576378755e-05
3967,396700.0,2.591465711593628,1.2450880603864789e-05,2.657852604670552e-09,2.6022689780802466e-07,5.942550160398241e-06,1.8555769202066585e-05
3968,396800.0,2.6198935508728027,1.2230465472384822e-05,2.740895732600279e-09,2.4002667942113476e-07,6.227057383512147e-06,1.8537128198659047e-05
3969,396900.0,3.469184398651123,9.457601663598325e-06,9.745333429123093e-10,1.4076421450681664e-07,5.937521564192139e-06,1.8518505385145545e-05
3970,397000.0,2.962519407272339,9.52813479671022e-06,1.4095336009489756e-09,1.5897983018930972e-07,5.552229140448617e-06,1.8499908037483692e-05
3971,397100.0,3.038398504257202,1.2051856174366549e-05,1.5769848760172067e-09,2.6999632041224686e-07,5.300371412886307e-06,1.848132160375826e-05
3972,397200.0,2.940230131149292,1.2779659300576895e-05,1.2174701247147368e-09,2.698305934245582e-07,6.0326765378704295e-06,1.8462755178916268e-05
3973,397300.0,2.6782264709472656,1.1440057278377935e-05,1.9922838934149922e-09,2.1022886187438417e-07,6.1823429859941825e-06,1.844420694396831e-05
3974,397400.0,2.6370410919189453,1.1912747140740976e-05,5.986554807435596e-09,2.1626513557748694e-07,6.500132258224767e-06,1.8425680536893196e-05
3975,397500.0,2.649109363555908,8.420022822974715e-06,6.937317942323773e-10,1.1904995034228705e-07,5.443080226541497e-06,1.840717413870152e-05
3976,397600.0,2.5968575477600098,8.627800525573548e-06,6.57576748608335e-09,9.216780938459124e-08,6.317029601632385e-06,1.838868593040388e-05
3977,397700.0,2.6767265796661377,1.642841743887402e-05,1.093281576380889e-09,4.3126422610839654e-07,5.6457183745806105e-06,1.8370210455032066e-05
3978,397800.0,2.627596855163574,1.1255035133217461e-05,1.4949348425830067e-09,1.9970626397025626e-07,6.260883765207836e-06,1.835175498854369e-05
3979,397900.0,2.764918088912964,1.098864868254168e-05,2.0403925216072594e-09,1.985292925610338e-07,6.0233760450500995e-06,1.8333321349928156e-05
3980,398000.0,2.771040201187134,1.1219460247957613e-05,6.810911279409027e-10,2.0224656793743634e-07,6.162614226923324e-06,1.831490772019606e-05
3981,398100.0,2.7146637439727783,9.507121831120458e-06,5.769849598102894e-10,1.7544907393585163e-07,5.120318292028969e-06,1.8296508642379194e-05
3982,398200.0,2.7158870697021484,1.4106441085459664e-05,3.2745124389776947e-09,3.4149030625485466e-07,5.5659088502579834e-06,1.8278127754456364e-05
3983,398300.0,2.686933994293213,8.399193575314712e-06,2.2945587652145605e-09,1.4913250367953879e-07,4.668586370826233e-06,1.8259766875416972e-05
3984,398400.0,2.714108943939209,1.1170172911079135e-05,1.1858689585864113e-09,2.0016364032926504e-07,6.1648961491300724e-06,1.8241422367282212e-05
3985,398500.0,2.936514139175415,1.6138435967150144e-05,1.90835236502096e-09,3.52300844497222e-07,7.329007075895788e-06,1.8223101506009698e-05
3986,398600.0,3.0562524795532227,1.2121368854423054e-05,2.8767326298861917e-09,2.594045724890748e-07,5.6333778957196046e-06,1.8204795196652412e-05
3987,398700.0,2.810554265975952,1.0885104529734235e-05,5.667398772501997e-10,1.8922949607258488e-07,6.153800313768443e-06,1.8186508896178566e-05
3988,398800.0,2.6694862842559814,1.3761530681222212e-05,3.733660935978378e-09,3.259942502609192e-07,5.6079402384057175e-06,1.8168237147619948e-05
3989,398900.0,2.7276296615600586,1.044479722622782e-05,2.6410906794893663e-09,1.600735259899011e-07,6.440317974920617e-06,1.8149987226934172e-05
3990,399000.0,2.884934186935425,1.013892142509576e-05,8.692079278560527e-10,1.656701726915344e-07,5.996298114041565e-06,1.813175913412124e-05
3991,399100.0,2.713850736618042,9.176140338240657e-06,7.911349908518162e-10,1.553633381945474e-07,5.291265551932156e-06,1.8113545593223535e-05
3992,399200.0,2.6374244689941406,9.352380402560811e-06,7.758234610300008e-10,1.5279752574315353e-07,5.5316668294835836e-06,1.8095346604241058e-05
3993,399300.0,2.7293739318847656,1.25030574054108e-05,9.212210994036241e-10,2.429697758543625e-07,6.427892003557645e-06,1.8077169443131424e-05
3994,399400.0,2.7752654552459717,1.0265523997077253e-05,1.8086159236929689e-09,1.539574867592819e-07,6.414778454200132e-06,1.8059008652926423e-05
3995,399500.0,2.706038236618042,1.1831906704173889e-05,1.512823644134187e-09,2.653035835464834e-07,5.197804512135917e-06,1.8040871509583667e-05
3996,399600.0,2.599047899246216,8.635786798549816e-06,5.094681565509518e-09,1.1754125495144763e-07,5.692159902537242e-06,1.802274891815614e-05
3997,399700.0,2.5931153297424316,1.4307261153589934e-05,1.5700046818167834e-09,3.1440899306289793e-07,6.445466624427354e-06,1.8004644516622648e-05
3998,399800.0,2.594794511795044,1.2039346984238364e-05,8.559772890492923e-10,1.8905981846728537e-07,7.311995886993827e-06,1.7986554667004384e-05
3999,399900.0,2.6242339611053467,1.222093851538375e-05,8.624780334365312e-10,2.2294756263363524e-07,6.6463871917221695e-06,1.7968488464248367e-05
